0 396031 155
1 116791 432
2 489040 370
3 239415 618
4 261675 386
5 300752 780
6 44970 251
7 117850 386
8 117068 310
9 148301 404
10 285377 438
11 347375 729
12 142074 459
13 256614 34
14 361504 285
15 57590 389
16 339571 288
17 416656 783
18 104599 612
19 30949 72
20 295602 228
21 32477 502
22 448439 574
23 69234 280
24 14634 708
25 433497 289
26 342616 364
27 497174 73
28 202057 243
29 42478 189
30 42976 714
31 353800 70
32 290803 500
33 243863 410
34 442880 555
35 294381 413
36 106513 436
37 111760 11
38 26242 553
39 136812 547
40 431234 77
41 357240 710
42 367533 604
43 291245 15
44 124554 792
45 149504 125
46 450145 683
47 82781 458
48 306466 149
49 152702 245
50 117808 99
51 36885 237
52 306646 323
53 295626 646
54 362344 89
55 390117 791
56 35451 779
57 100133 510
58 134475 586
59 488928 180
60 241455 630
61 442911 385
62 190793 753
63 448900 445
64 368689 460
65 279310 355
66 81390 450
67 227171 196
68 481193 38
69 237277 751
70 4292 338
71 137115 195
72 391103 545
73 459081 450
74 144980 779
75 300959 362
76 119145 388
77 110739 671
78 302267 340
79 323550 792
80 210297 557
81 190157 461
82 419056 489
83 196077 530
84 472831 250
85 260138 555
86 77101 324
87 33219 454
88 150854 557
89 10135 301
90 456661 187
91 231325 247
92 71317 160
93 418450 17
94 434407 785
95 60892 401
96 361213 706
97 452745 650
98 184730 270
99 196870 375
100 114880 314
101 151037 209
102 370613 782
103 176538 257
104 192909 221
105 366358 626
106 30471 771
107 258081 85
108 456100 541
109 8076 532
110 418532 461
111 67917 169
112 336370 546
113 76366 663
114 202188 653
115 211366 789
116 262948 269
117 9050 356
118 79363 762
119 187733 341
120 421317 273
121 438195 493
122 151776 589
123 69929 277
124 372808 229
125 31088 758
126 179678 493
127 103789 606
128 136019 49
129 69852 156
130 469743 608
131 155276 419
132 159973 692
133 382604 679
134 398970 490
135 27961 739
136 124430 288
137 288427 557
138 162433 559
139 416786 309
140 469066 394
141 359285 228
142 63232 745
143 181144 675
144 159581 405
145 53811 597
146 32215 77
147 394719 640
148 422469 541
149 480581 524
150 364013 192
151 158078 544
152 474699 796
153 297353 107
154 321214 685
155 221429 93
156 194719 233
157 455376 715
158 60140 704
159 489907 521
160 387517 74
161 381749 72
162 301862 85
163 160976 469
164 70144 685
165 78475 759
166 166453 558
167 438953 555
168 199412 705
169 327341 659
170 499502 179
171 343611 771
172 145837 174
173 484877 140
174 451860 730
175 458403 737
176 67559 530
177 308165 153
178 132973 623
179 126458 694
180 143403 718
181 153626 134
182 457839 257
183 467361 132
184 361590 4
185 210582 303
186 343472 645
187 88018 146
188 385884 62
189 227991 448
190 80383 497
191 226177 795
192 42898 296
193 33717 295
194 36188 672
195 378988 528
196 381460 392
197 5800 616
198 141546 101
199 12903 714
200 284215 289
201 413285 638
202 326734 40
203 166053 504
204 90550 620
205 83067 445
206 80438 86
207 351580 798
208 376291 137
209 315560 50
210 78176 32
211 124775 149
212 243515 790
213 331641 176
214 120088 615
215 437254 97
216 100734 656
217 81046 140
218 368194 269
219 156439 700
220 157495 697
221 162382 660
222 81456 334
223 377622 715
224 431964 500
225 402931 735
226 404082 93
227 2481 507
228 174633 751
229 65364 75
230 211371 674
231 248080 571
232 369510 106
233 255925 327
234 92578 457
235 229153 718
236 184576 474
237 4359 336
238 438201 785
239 256483 734
240 107867 118
241 413010 215
242 203472 302
243 192251 644
244 282318 58
245 205530 368
246 292938 90
247 322146 11
248 299089 401
249 449208 24
250 23140 468
251 158092 762
252 86248 517
253 490100 404
254 77136 451
255 410967 185
256 422350 556
257 229657 330
258 272173 576
259 36632 661
260 212228 444
261 80884 564
262 212125 719
263 216670 631
264 497453 367
265 435585 279
266 360592 147
267 261014 79
268 272481 441
269 487642 716
270 14051 371
271 67325 211
272 255291 754
273 94928 535
274 251595 265
275 114659 714
276 406428 176
277 1693 344
278 114925 154
279 162472 316
280 416945 732
281 165677 458
282 191735 738
283 240730 292
284 194158 570
285 362891 373
286 143334 210
287 177315 617
288 243551 227
289 442442 596
290 436508 747
291 475321 303
292 268997 537
293 477842 567
294 244433 724
295 12654 315
296 254723 579
297 455268 732
298 121374 412
299 443380 799
300 440722 334
301 40094 672
302 252839 410
303 499035 162
304 22357 743
305 24240 230
306 31283 466
307 318154 362
308 9279 282
309 184204 349
310 469014 113
311 431443 411
312 407893 538
313 186548 664
314 115413 468
315 361152 681
316 468903 136
317 156544 448
318 135008 144
319 250837 732
320 146113 118
321 148935 679
322 290991 597
323 477677 690
324 295789 272
325 70335 634
326 407795 356
327 4892 531
328 421193 489
329 361308 594
330 370425 607
331 109094 61
332 140059 130
333 77424 391
334 470274 221
335 465137 614
336 119691 388
337 293783 473
338 97513 284
339 227306 614
340 482398 503
341 174457 394
342 348476 595
343 205882 503
344 419847 70
345 322628 791
346 306003 225
347 162305 523
348 230064 463
349 237482 82
350 100695 339
351 316725 221
352 333044 387
353 147421 462
354 431026 159
355 340212 680
356 205073 625
357 319970 623
358 226724 750
359 339570 254
360 109395 524
361 485899 599
362 110272 199
363 361461 206
364 404286 338
365 57027 96
366 334267 182
367 241720 506
368 16966 113
369 97870 342
370 280221 345
371 377768 483
372 469104 47
373 71547 492
374 239944 181
375 391455 718
376 89668 92
377 297442 556
378 25560 293
379 56629 56
380 290550 247
381 451180 410
382 20114 19
383 292130 101
384 98393 633
385 17776 753
386 344434 567
387 412964 697
388 125987 740
389 42071 512
390 411981 684
391 247975 728
392 310882 402
393 234293 618
394 237024 443
395 282640 76
396 437284 375
397 168744 573
398 443072 599
399 10830 427
400 383578 219
401 452784 159
402 456854 14
403 57904 502
404 366612 443
405 465125 776
406 49854 546
407 312946 653
408 291221 737
409 213530 41
410 370867 246
411 72172 524
412 262695 152
413 281901 117
414 218143 521
415 279938 284
416 354041 474
417 346086 275
418 131175 496
419 410089 343
420 20318 541
421 325437 16
422 121019 573
423 447261 785
424 201976 242
425 456838 344
426 189666 44
427 397346 211
428 286279 363
429 190834 400
430 4682 775
431 138847 373
432 236198 324
433 185970 487
434 421628 527
435 397866 61
436 487627 699
437 28471 456
438 378039 647
439 37239 85
440 169227 368
441 185562 479
442 39440 495
443 327608 61
444 294859 472
445 379197 43
446 5566 342
447 174616 798
448 35683 517
449 141842 588
450 456647 64
451 431962 61
452 295716 627
453 69272 786
454 468869 508
455 286475 465
456 133294 49
457 29694 390
458 87650 287
459 31158 503
460 392096 110
461 198403 756
462 461104 415
463 172131 220
464 249958 788
465 470451 374
466 370034 558
467 183583 14
468 395550 151
469 372209 409
470 392072 420
471 18867 285
472 163426 567
473 230804 115
474 438568 677
475 149937 363
476 188670 266
477 261031 341
478 237712 175
479 162914 715
480 279840 471
481 210628 118
482 68482 627
483 348328 164
484 179771 33
485 328451 538
486 379222 196
487 129913 471
488 428584 601
489 326428 719
490 122680 754
491 214170 366
492 341058 503
493 493829 354
494 441068 723
495 82792 744
496 306460 461
497 403486 173
498 220336 543
499 338974 615
500 472351 460
501 4655 578
502 63799 726
503 426925 169
504 11638 737
505 392241 554
506 246071 720
507 478373 364
508 114316 730
509 182251 203
510 128945 537
511 308996 596
512 107520 558
513 326699 35
514 480648 209
515 260667 426
516 365802 201
517 320925 75
518 432595 355
519 454690 204
520 17556 234
521 94904 84
522 486046 428
523 367108 479
524 45480 363
525 188451 112
526 347107 379
527 142535 200
528 242634 580
529 315187 788
530 167612 83
531 192634 655
532 373881 168
533 12073 313
534 294115 77
535 250709 364
536 330046 24
537 108003 15
538 418892 445
539 449158 264
540 57175 725
541 171502 10
542 151409 635
543 391613 791
544 315977 796
545 150029 401
546 299006 742
547 66060 265
548 372576 88
549 479363 534
550 61248 644
551 11066 474
552 92039 447
553 240090 222
554 126885 84
555 8007 450
556 343210 413
557 121046 663
558 26252 220
559 421366 660
560 235811 182
561 374874 197
562 414060 418
563 224057 136
564 35420 589
565 2383 221
566 449845 670
567 4315 202
568 165223 285
569 69167 759
570 450007 461
571 8872 728
572 289389 418
573 304189 319
574 158929 794
575 206926 308
576 313303 341
577 445909 201
578 39087 516
579 63055 367
580 373387 109
581 187529 639
582 95240 385
583 397821 645
584 468954 16
585 85275 141
586 76867 562
587 228531 548
588 224065 209
589 214601 273
590 290979 147
591 310438 280
592 19680 284
593 364350 348
594 426314 720
595 149627 207
596 9196 54
597 171989 357
598 45353 437
599 381251 211
600 53151 708
601 449621 479
602 77025 771
603 28979 553
604 243576 643
605 216788 733
606 197812 156
607 155190 27
608 299926 245
609 308963 342
610 463299 193
611 58645 544
612 328451 496
613 93284 587
614 316797 205
615 404464 488
616 473766 701
617 49022 486
618 48589 392
619 384586 754
620 370638 166
621 326720 127
622 144953 3
623 334998 664
624 17804 432
625 203823 762
626 135256 656
627 486302 421
628 25806 509
629 353864 739
630 86826 556
631 261607 729
632 128765 145
633 144087 231
634 421335 555
635 469519 674
636 146400 774
637 393127 593
638 310855 506
639 268936 126
640 388439 212
641 342466 760
642 267931 496
643 3755 321
644 457411 138
645 152693 21
646 132300 590
647 137533 701
648 241282 267
649 438420 21
650 326646 219
651 470943 293
652 236884 599
653 313455 72
654 92196 540
655 392750 344
656 87854 636
657 20683 369
658 113040 586
659 149522 439
660 398410 52
661 131040 168
662 232868 312
663 291777 126
664 82898 103
665 153120 150
666 187193 745
667 415294 417
668 20839 78
669 488168 750
670 327492 588
671 110023 471
672 165190 499
673 287483 659
674 187848 632
675 365034 206
676 255573 660
677 116970 428
678 297352 794
679 495295 300
680 188000 251
681 306146 769
682 321536 795
683 315623 641
684 466541 776
685 471762 593
686 201062 786
687 242083 538
688 245195 206
689 160836 319
690 499276 245
691 19303 623
692 54649 450
693 275994 626
694 94076 355
695 248604 442
696 452409 29
697 189974 704
698 308895 346
699 116320 799
700 325742 238
701 102174 436
702 202572 405
703 409409 611
704 406528 569
705 397164 198
706 145172 205
707 177005 20
708 101796 622
709 84527 552
710 256993 673
711 10652 685
712 420587 603
713 499700 628
714 222577 683
715 21271 373
716 236807 320
717 75123 599
718 408 181
719 403500 86
720 103834 89
721 345445 665
722 233483 207
723 465180 51
724 491802 80
725 47503 460
726 415543 348
727 474549 108
728 275134 131
729 81965 202
730 122974 112
731 46030 389
732 259386 134
733 315513 707
734 154743 147
735 215787 166
736 36029 530
737 40288 433
738 100034 265
739 137495 221
740 87879 189
741 373335 551
742 275858 224
743 355905 238
744 354838 145
745 81408 271
746 73811 565
747 370298 591
748 297648 398
749 125696 564
750 437529 744
751 243673 684
752 419067 311
753 292127 762
754 305781 702
755 143642 375
756 147325 413
757 413435 178
758 397566 336
759 6879 542
760 223563 758
761 262921 640
762 248430 575
763 146924 772
764 368087 479
765 31174 621
766 130455 369
767 328230 448
768 75160 723
769 84975 358
770 66332 494
771 307305 618
772 261947 410
773 169544 742
774 6434 314
775 428270 776
776 297415 398
777 43724 793
778 357115 246
779 108275 249
780 479620 403
781 63522 250
782 430648 476
783 175949 554
784 12110 209
785 403101 125
786 5894 395
787 324803 8
788 447500 642
789 427354 300
790 203475 335
791 200283 426
792 63169 91
793 63087 8
794 451007 637
795 178191 515
796 327164 228
797 57054 114
798 133466 565
799 279973 556
800 26632 330
801 273075 227
802 426185 527
803 316719 280
804 108578 86
805 343971 74
806 116050 406
807 329295 256
808 304614 372
809 132208 383
810 80097 423
811 202601 800
812 52112 414
813 214129 9
814 25363 332
815 363860 55
816 209881 796
817 100873 136
818 251166 419
819 42456 793
820 178018 98
821 204502 28
822 447034 469
823 5992 551
824 442532 450
825 23623 601
826 448599 582
827 478946 177
828 18584 264
829 218994 277
830 203530 749
831 112295 7
832 252494 164
833 82182 722
834 163465 461
835 379757 639
836 27417 684
837 151904 613
838 150762 53
839 242453 297
840 312448 47
841 164980 29
842 25004 248
843 294462 727
844 353354 390
845 103889 210
846 129015 438
847 19352 537
848 462057 710
849 385170 735
850 242524 724
851 483358 480
852 398243 343
853 260746 63
854 309510 206
855 158652 352
856 301979 359
857 399357 433
858 483910 136
859 403276 221
860 223629 18
861 426854 766
862 256054 197
863 250506 607
864 64093 64
865 359986 29
866 449659 570
867 109263 498
868 494959 704
869 396908 762
870 405912 471
871 442780 713
872 411896 244
873 67579 539
874 35958 608
875 249424 8
876 10725 740
877 144935 631
878 155188 380
879 1242 242
880 63821 434
881 58603 782
882 237278 682
883 361384 219
884 70580 590
885 69411 245
886 362909 493
887 217088 193
888 354330 406
889 170612 220
890 288226 241
891 198931 389
892 145370 552
893 65730 667
894 255660 560
895 52544 126
896 460906 282
897 332962 748
898 311718 137
899 479477 299
900 1695 699
901 375142 90
902 77433 605
903 139409 231
904 393249 116
905 354755 775
906 262762 229
907 496779 87
908 413904 486
909 241396 463
910 162187 765
911 489046 341
912 421440 246
913 370333 761
914 65411 359
915 115456 211
916 415051 707
917 448062 551
918 99181 485
919 440599 272
920 413845 783
921 206610 507
922 381744 161
923 133797 543
924 298604 450
925 465213 794
926 169133 344
927 116588 212
928 325324 174
929 323731 74
930 353083 336
931 474193 340
932 462490 136
933 276971 208
934 26078 424
935 86805 324
936 45629 277
937 165588 169
938 29510 175
939 223023 186
940 174578 467
941 321609 589
942 175200 64
943 450637 598
944 457822 77
945 423963 321
946 246260 506
947 95392 109
948 353115 751
949 303125 365
950 106287 794
951 351821 331
952 216050 269
953 95642 162
954 349498 761
955 106378 618
956 39606 429
957 400492 788
958 382536 759
959 248034 282
960 158201 359
961 151264 350
962 102857 14
963 145915 609
964 151724 773
965 335165 241
966 338971 764
967 442632 140
968 237100 174
969 333286 227
970 405996 200
971 127027 465
972 367652 3
973 193112 672
974 411352 589
975 106899 699
976 145847 755
977 490367 116
978 37523 705
979 204676 284
980 85323 1
981 479963 194
982 275884 647
983 12020 548
984 9926 186
985 115936 59
986 301322 723
987 377876 116
988 303187 175
989 435515 589
990 28486 140
991 300445 15
992 316929 286
993 439389 414
994 443448 405
995 76404 418
996 216610 324
997 2122 721
998 28019 496
999 21832 95
