Program:	Arrival Time:	Service Time:	Start Time:	Finish Time:	Turnaround:	NTurnaround:		Waiting:	
0		428347		129		428799		429553		1206		9.348837		1077
1		345078		765		345078		347154		2076		2.713725		1311
2		436716		404		437575		441010		4294		10.628713		3890
3		432614		273		433466		435687		3073		11.256410		2800
4		376853		91		377067		377158		305		3.351648		214
5		467703		434		468456		470813		3110		7.165899		2676
6		319558		471		321277		326978		7420		15.753715		6949
7		464104		636		464718		469617		5513		8.668239		4877
8		307080		213		308683		311996		4916		23.079812		4703
9		192798		487		193060		195574		2776		5.700205		2289
10		44090		758		44761		51771		7681		10.133245		6923
11		454037		769		454037		456139		2102		2.733420		1333
12		221179		161		221428		221909		730		4.534161		569
13		153235		645		153500		156148		2913		4.516279		2268
14		336199		583		336401		337790		1591		2.728988		1008
15		76710		679		76710		77944		1234		1.817378		555
16		287394		547		287475		288839		1445		2.641682		898
17		490550		541		491088		493053		2503		4.626617		1962
18		383212		111		383502		384217		1005		9.054054		894
19		53000		317		54056		57673		4673		14.741325		4356
20		335949		66		336120		336186		237		3.590909		171
21		447735		256		448730		450660		2925		11.425781		2669
22		323290		660		324807		330816		7526		11.403030		6866
23		83271		192		83991		84775		1504		7.833333		1312
24		434277		323		435194		438550		4273		13.229102		3950
25		28280		70		28426		28496		216		3.085714		146
26		271589		769		272183		275918		4329		5.629389		3560
27		139680		270		140411		141883		2203		8.159259		1933
28		58865		322		59539		61381		2516		7.813665		2194
29		72103		116		72103		72224		121		1.043103		5
30		232345		665		233028		237611		5266		7.918797		4601
31		175963		14		176377		176391		428		30.571429		414
32		103305		92		103563		103655		350		3.804348		258
33		276553		114		276553		276672		119		1.043860		5
34		122381		119		122466		122695		314		2.638655		195
35		262935		306		263558		265857		2922		9.549020		2616
36		382960		283		383118		384305		1345		4.752650		1062
37		146541		272		146620		147217		676		2.485294		404
38		155214		203		155473		156681		1467		7.226601		1264
39		369325		213		369325		369548		223		1.046948		10
40		22233		693		22619		24461		2228		3.215007		1535
41		84212		358		84780		86169		1957		5.466480		1599
42		412626		224		412714		413181		555		2.477679		331
43		302944		693		304290		315053		12109		17.473304		11416
44		33159		292		33855		35674		2515		8.613014		2223
45		382908		648		382908		385817		2909		4.489198		2261
46		40212		258		40876		42276		2064		8.000000		1806
47		317948		472		319213		325628		7680		16.271186		7208
48		241736		318		242215		244451		2715		8.537736		2397
49		130035		455		130611		132958		2923		6.424176		2468
50		456759		118		456759		456882		123		1.042373		5
51		338799		172		338966		339265		466		2.709302		294
52		119994		521		120189		121655		1661		3.188100		1140
53		78674		541		79104		83037		4363		8.064695		3822
54		215152		9		215257		215266		114		12.666667		105
55		381052		800		381052		382307		1255		1.568750		455
56		361956		586		362143		363525		1569		2.677474		983
57		47560		17		48433		48450		890		52.352941		873
58		221860		535		222199		223603		1743		3.257944		1208
59		262426		105		262933		263668		1242		11.828571		1137
60		225551		621		225813		227334		1783		2.871176		1162
61		53229		87		54459		54546		1317		15.137931		1230
62		220557		516		220654		222402		1845		3.575581		1329
63		425633		330		425639		426404		771		2.336364		441
64		498383		694		498842		501169		2786		4.014409		2092
65		326410		21		327361		327382		972		46.285714		951
66		464991		296		465806		467747		2756		9.310811		2460
67		327567		762		328281		335160		7593		9.964567		6831
68		166901		538		166901		167464		563		1.046468		25
69		392898		642		392944		396892		3994		6.221184		3352
70		354241		6		354278		354284		43		7.166667		37
71		152142		703		152404		155048		2906		4.133713		2203
72		271919		198		272603		273392		1473		7.439394		1275
73		23484		504		23528		24890		1406		2.789683		902
74		66559		180		66848		67173		614		3.411111		434
75		265151		311		265862		268245		3094		9.948553		2783
76		447596		464		448520		451779		4183		9.015086		3719
77		90578		333		90772		92131		1553		4.663664		1220
78		222262		506		222407		223614		1352		2.671937		846
79		146798		212		146935		147410		612		2.886792		400
80		88232		198		88232		88435		203		1.025253		5
81		208492		761		208695		211223		2731		3.588699		1970
82		187473		776		187654		191685		4212		5.427835		3436
83		187265		60		187494		187554		289		4.816667		229
84		442301		775		442408		448095		5794		7.476129		5019
85		269131		164		269671		270410		1279		7.798780		1115
86		386817		543		387167		388061		1244		2.290976		701
87		29091		474		29141		30311		1220		2.573840		746
88		137328		337		137576		139162		1834		5.442136		1497
89		168868		576		168988		169935		1067		1.852431		491
90		354837		689		355024		358386		3549		5.150943		2860
91		12351		420		12361		13042		691		1.645238		271
92		268752		386		269356		270940		2188		5.668394		1802
93		3290		530		3483		4365		1075		2.028302		545
94		135493		167		136046		136664		1171		7.011976		1004
95		244363		41		245170		245211		848		20.682927		807
96		172352		78		172419		172497		145		1.858974		67
97		309652		57		311460		311517		1865		32.719298		1808
98		488915		626		489217		492587		3672		5.865815		3046
99		230551		470		230643		233023		2472		5.259574		2002
100		109784		17		109889		109906		122		7.176471		105
101		244110		35		244981		245016		906		25.885714		871
102		437308		603		438317		442403		5095		8.449420		4492
103		155338		755		155683		158659		3321		4.398675		2566
104		358481		589		359009		360758		2277		3.865874		1688
105		311228		207		312894		316181		4953		23.927536		4746
106		274578		520		274984		276153		1575		3.028846		1055
107		48456		380		49505		53619		5163		13.586842		4783
108		442861		483		443353		447171		4310		8.923395		3827
109		67048		100		67178		67278		230		2.300000		130
110		234539		307		235372		237541		3002		9.778502		2695
111		334783		212		335165		335905		1122		5.292453		910
112		280619		45		280619		280664		45		1.000000		0
113		283069		788		283137		284753		1684		2.137056		896
114		174057		736		174057		176852		2795		3.797554		2059
115		217103		374		217169		218096		993		2.655080		619
116		46007		642		46904		54051		8044		12.529595		7402
117		296795		767		297675		309380		12585		16.408083		11818
118		267120		468		267709		270341		3221		6.882479		2753
119		90656		487		90982		92745		2089		4.289528		1602
120		309044		2		310809		310811		1767		883.500000		1765
121		355272		637		355549		359571		4299		6.748823		3662
122		241816		423		242425		245764		3948		9.333333		3525
123		159656		530		159741		160706		1050		1.981132		520
124		488180		230		488405		489212		1032		4.486957		802
125		295735		305		296415		300362		4627		15.170492		4322
126		54468		672		55700		60805		6337		9.430060		5665
127		162315		119		162351		162659		344		2.890756		225
128		291305		688		291341		292670		1365		1.984012		677
129		104622		138		104891		105349		727		5.268116		589
130		491710		115		492121		492556		846		7.356522		731
131		281908		479		282012		282832		924		1.929019		445
132		315644		470		316912		323231		7587		16.142553		7117
133		53737		304		54965		58234		4497		14.792763		4193
134		63541		365		63541		63921		380		1.041096		15
135		224717		746		224763		226888		2171		2.910188		1425
136		78981		587		79629		83732		4751		8.093697		4164
137		472560		791		473030		476978		4418		5.585335		3627
138		71		350		71		436		365		1.042857		15
139		38178		218		38700		40556		2378		10.908257		2160
140		375273		604		375273		376327		1054		1.745033		450
141		243674		314		244456		246740		3066		9.764331		2752
142		480783		142		480870		481227		444		3.126761		302
143		281181		391		281181		281797		616		1.575448		225
144		384079		442		384625		386284		2205		4.988688		1763
145		270155		556		270491		273079		2924		5.258993		2368
146		240233		590		240233		242105		1872		3.172881		1282
147		429858		416		430464		434421		4563		10.968750		4147
148		163471		678		163673		165691		2220		3.274336		1542
149		154993		748		155053		158383		3390		4.532086		2642
150		177044		613		177186		178352		1308		2.133768		695
151		99598		512		99743		101427		1829		3.572266		1317
152		476053		27		476645		476672		619		22.925926		592
153		93175		512		93598		96350		3175		6.201172		2663
154		220728		477		220861		222381		1653		3.465409		1176
155		497079		507		497414		500019		2940		5.798817		2433
156		497971		354		498422		500078		2107		5.951977		1753
157		42095		754		42588		47483		5388		7.145889		4634
158		163095		708		163283		165508		2413		3.408192		1705
159		283548		77		283662		283739		191		2.480519		114
160		241783		775		242320		248685		6902		8.905806		6127
161		422963		456		423086		424020		1057		2.317982		601
162		138471		418		138915		141628		3157		7.552632		2739
163		54246		375		55385		58646		4400		11.733333		4025
164		385473		343		385664		386962		1489		4.341108		1146
165		28954		441		29026		30022		1068		2.421769		627
166		105303		119		105564		106108		805		6.764706		686
167		318544		106		320089		321924		3380		31.886792		3274
168		233416		557		234112		237673		4257		7.642729		3700
169		90184		72		90217		90289		105		1.458333		33
170		92129		97		92556		92653		524		5.402062		427
171		82849		64		83366		83430		581		9.078125		517
172		328016		502		328947		334107		6091		12.133466		5589
173		101560		497		101802		103441		1881		3.784708		1384
174		480924		713		481080		482297		1373		1.925666		660
175		38286		309		38894		41294		3008		9.734628		2699
176		455163		309		455478		456363		1200		3.883495		891
177		204725		3		204725		204728		3		1.000000		0
178		363128		387		363334		364142		1014		2.620155		627
179		428280		572		428694		432621		4341		7.589161		3769
180		484563		602		485020		488266		3703		6.151163		3101
181		327471		788		328071		334988		7517		9.539340		6729
182		118492		267		118492		118769		277		1.037453		10
183		187574		768		187864		191863		4289		5.584635		3521
184		90439		261		90504		91358		919		3.521073		658
185		338756		159		338861		339188		432		2.716981		273
186		365021		521		365021		365672		651		1.249520		130
187		305373		358		307001		312059		6686		18.675978		6328
188		79254		591		79964		83986		4732		8.006768		4141
189		216854		534		216854		218017		1163		2.177903		629
190		292041		531		292154		294783		2742		5.163842		2211
191		299238		293		300682		303920		4682		15.979522		4389
192		265446		358		266337		268623		3177		8.874302		2819
193		389895		316		390057		391018		1123		3.553797		807
194		295639		575		296280		303507		7868		13.683478		7293
195		393528		577		393889		398871		5343		9.259965		4766
196		291763		203		291839		292367		604		2.975369		401
197		386421		200		386709		387162		741		3.705000		541
198		383367		208		383922		385053		1686		8.105769		1478
199		294867		748		295384		304285		9418		12.590909		8670
200		368106		559		368184		369023		917		1.640429		358
201		205430		376		205609		206640		1210		3.218085		834
202		104284		680		104522		107398		3114		4.579412		2434
203		475221		405		475519		477828		2607		6.437037		2202
204		417737		691		417737		418458		721		1.043415		30
205		276421		76		276421		276497		76		1.000000		0
206		463568		532		463959		468137		4569		8.588346		4037
207		6040		12		6040		6052		12		1.000000		0
208		112327		215		112342		112816		489		2.274419		274
209		373941		736		374122		375172		1231		1.672554		495
210		214111		319		214417		215147		1036		3.247649		717
211		220872		270		221113		221984		1112		4.118519		842
212		4820		627		4875		5899		1079		1.720893		452
213		448833		94		449836		449930		1097		11.670213		1003
214		197641		540		197806		198801		1160		2.148148		620
215		411049		53		411558		411611		562		10.603774		509
216		410027		500		410244		412294		2267		4.534000		1767
217		347930		481		348012		349563		1633		3.395010		1152
218		127284		265		127785		129178		1894		7.147170		1629
219		230554		753		230748		235845		5291		7.026560		4538
220		31579		574		32266		36268		4689		8.168990		4115
221		287504		576		287685		288920		1416		2.458333		840
222		115339		748		115644		117525		2186		2.922460		1438
223		240514		297		240653		241800		1286		4.329966		989
224		205832		467		206039		207359		1527		3.269807		1060
225		168336		408		168405		169521		1185		2.904412		777
226		414628		296		414628		414934		306		1.033784		10
227		458522		409		458522		459130		608		1.486553		199
228		12854		249		12917		13411		557		2.236948		308
229		340340		508		340572		343838		3498		6.885827		2990
230		183760		96		184156		184252		492		5.125000		396
231		308946		190		310494		312259		3313		17.436842		3123
232		367869		540		367869		368749		880		1.629630		340
233		140803		77		141423		141500		697		9.051948		620
234		496380		306		496469		497840		1460		4.771242		1154
235		72879		159		72879		73043		164		1.031447		5
236		394685		761		395464		402969		8284		10.885677		7523
237		39459		736		40223		44315		4856		6.597826		4120
238		186632		425		186824		188099		1467		3.451765		1042
239		254042		326		254513		256348		2306		7.073620		1980
240		427132		17		427202		427219		87		5.117647		70
241		345111		779		345183		347238		2127		2.730424		1348
242		311587		161		313440		315224		3637		22.590062		3476
243		277561		786		277561		278382		821		1.044529		35
244		260045		442		260045		260612		567		1.282805		125
245		51288		654		52598		59225		7937		12.136086		7283
246		385642		606		386032		387908		2266		3.739274		1660
247		70296		587		70296		71020		724		1.233390		137
248		49814		265		51011		53794		3980		15.018868		3715
249		281369		701		281391		282748		1379		1.967190		678
250		98810		596		98823		100259		1449		2.431208		853
251		90507		649		90667		93219		2712		4.178737		2063
252		230984		696		231378		236493		5509		7.915230		4813
253		19872		367		19872		20254		382		1.040872		15
254		426292		17		426514		426531		239		14.058824		222
255		326432		315		327387		330313		3881		12.320635		3566
256		212645		177		212962		213362		717		4.050847		540
257		227889		696		227889		229849		1960		2.816092		1264
258		24233		585		24466		25760		1527		2.610256		942
259		381377		651		381472		382573		1196		1.837174		545
260		156055		279		156573		157700		1645		5.896057		1366
261		228083		666		228099		230164		2081		3.124625		1415
262		325603		98		326591		326689		1086		11.081633		988
263		311561		780		313335		324153		12592		16.143590		11812
264		25831		218		25975		27053		1222		5.605505		1004
265		437964		132		438931		439741		1777		13.462121		1645
266		463531		642		463854		468946		5415		8.434579		4773
267		134489		472		134681		137056		2567		5.438559		2095
268		174790		116		175212		175858		1068		9.206897		952
269		128483		762		129008		133435		4952		6.498688		4190
270		444627		283		445495		447700		3073		10.858657		2790
271		470858		516		471133		474025		3167		6.137597		2651
272		159163		473		159219		159919		756		1.598309		283
273		197856		348		197973		198651		795		2.284483		447
274		220549		197		220549		220856		307		1.558376		110
275		467674		34		468417		468451		777		22.852941		743
276		28250		605		28321		29136		886		1.464463		281
277		434654		110		435692		436899		2245		20.409091		2135
278		26840		254		27222		27924		1084		4.267717		830
279		245623		616		246306		252530		6907		11.212662		6291
280		355498		673		355843		359859		4361		6.479941		3688
281		193665		740		194182		196818		3153		4.260811		2413
282		228411		631		228729		230410		1999		3.167987		1368
283		29897		155		30132		30791		894		5.767742		739
284		498867		2		499375		499377		510		255.000000		508
285		20635		782		20735		23332		2697		3.448849		1915
286		129648		296		130191		131702		2054		6.939189		1758
287		100767		646		101100		103339		2572		3.981424		1926
288		206593		12		206855		206867		274		22.833333		262
289		472207		577		472610		475409		3202		5.549393		2625
290		394209		295		394834		396992		2783		9.433898		2488
291		336451		234		336764		337492		1041		4.448718		807
292		168342		413		168510		169644		1302		3.152542		889
293		309017		706		310704		321808		12791		18.117564		12085
294		33672		784		34389		38889		5217		6.654337		4433
295		264207		593		264906		268826		4619		7.789207		4026
296		270932		724		271260		275387		4455		6.153315		3731
297		224553		625		224553		226048		1495		2.392000		870
298		318731		144		320383		322059		3328		23.111111		3184
299		418896		403		418930		420049		1153		2.861042		750
300		429183		799		429663		436779		7596		9.506884		6797
301		261093		684		261296		264376		3283		4.799708		2599
302		463728		433		464176		467890		4162		9.612009		3729
303		347643		614		347737		349661		2018		3.286645		1404
304		193189		274		193585		195096		1907		6.959854		1633
305		130168		204		130779		132163		1995		9.779412		1791
306		292436		551		292675		295855		3419		6.205082		2868
307		42562		572		42926		46374		3812		6.664336		3240
308		254076		780		254723		257995		3919		5.024359		3139
309		172314		381		172314		172793		479		1.257218		98
310		422572		549		422666		423959		1387		2.526412		838
311		209623		74		209977		210051		428		5.783784		354
312		427097		705		427097		429878		2781		3.944681		2076
313		209199		577		209242		211305		2106		3.649913		1529
314		204979		581		204979		205900		921		1.585198		340
315		79779		448		80599		83785		4006		8.941964		3558
316		100330		115		100450		100780		450		3.913043		335
317		209346		425		209557		211335		1989		4.680000		1564
318		235437		412		236187		238030		2593		6.293689		2181
319		267084		543		267604		270744		3660		6.740331		3117
320		409545		627		409614		412144		2599		4.145136		1972
321		32377		5		33301		33306		929		185.800000		924
322		396575		382		397627		401164		4589		12.013089		4207
323		179112		92		179112		179204		92		1.000000		0
324		442871		604		443458		449411		6540		10.827815		5936
325		471104		579		471497		474546		3442		5.944732		2863
326		320651		197		322111		323858		3207		16.279188		3010
327		91652		728		91993		95793		4141		5.688187		3413
328		114904		102		115112		115429		525		5.147059		423
329		26281		53		26767		26820		539		10.169811		486
330		461651		236		461791		462352		701		2.970339		465
331		3101		13		3255		3268		167		12.846154		154
332		479637		735		479637		480407		770		1.047619		35
333		158745		449		158745		159214		469		1.044543		20
334		302142		675		303512		313991		11849		17.554074		11174
335		160053		230		160134		160671		618		2.686957		388
336		355786		488		356368		359004		3218		6.594262		2730
337		430020		783		430779		438227		8207		10.481481		7424
338		300073		362		301715		306576		6503		17.964088		6141
339		419365		334		419560		420508		1143		3.422156		809
340		493263		98		493373		493471		208		2.122449		110
341		141093		70		141633		141703		610		8.714286		540
342		71196		316		71253		71959		763		2.414557		447
343		94368		746		94872		97588		3220		4.316354		2474
344		49949		53		51235		51288		1339		25.264151		1286
345		55039		650		56038		61070		6031		9.278462		5381
346		243062		754		243650		250196		7134		9.461538		6380
347		106287		542		106734		108390		2103		3.880074		1561
348		286941		652		286995		288262		1321		2.026074		669
349		454125		233		454142		454700		575		2.467811		342
350		207213		284		207469		208165		952		3.352113		668
351		317122		131		318242		319769		2647		20.206107		2516
352		339312		600		339312		341134		1822		3.036667		1222
353		331713		743		332606		336549		4836		6.508748		4093
354		372627		187		372627		372819		192		1.026738		5
355		398683		231		399820		401935		3252		14.077922		3021
356		174251		644		174372		177076		2825		4.386646		2181
357		196158		129		196358		196668		510		3.953488		381
358		288873		648		288925		289677		804		1.240741		156
359		464252		479		464928		468640		4388		9.160752		3909
360		427527		776		427644		432439		4912		6.329897		4136
361		383128		444		383397		385627		2499		5.628378		2055
362		93784		542		94228		96712		2928		5.402214		2386
363		442344		616		442513		447402		5058		8.211039		4442
364		270799		278		270945		271968		1169		4.205036		891
365		2512		471		2700		3764		1252		2.658174		781
366		43352		765		43754		50109		6757		8.832680		5992
367		73716		435		73787		74592		876		2.013793		441
368		83129		266		83790		85266		2137		8.033835		1871
369		38403		630		39209		43061		4658		7.393651		4028
370		189211		109		189784		190659		1448		13.284404		1339
371		354351		639		354394		356827		2476		3.874804		1837
372		25918		263		26185		27390		1472		5.596958		1209
373		125261		462		125370		126034		773		1.673160		311
374		373739		392		373807		374606		867		2.211735		475
375		169966		714		169966		171053		1087		1.522409		373
376		125157		20		125316		125336		179		8.950000		159
377		4560		647		4560		5657		1097		1.695518		450
378		58861		94		59440		59534		673		7.159574		579
379		132371		506		132693		134466		2095		4.140316		1589
380		359727		413		359989		360934		1207		2.922518		794
381		340377		484		340782		343720		3343		6.907025		2859
382		470870		232		471238		472395		1525		6.573276		1293
383		318448		494		319984		326525		8077		16.350202		7583
384		335874		400		336015		337074		1200		3.000000		800
385		26107		52		26500		26552		445		8.557692		393
386		326641		286		327492		329558		2917		10.199301		2631
387		388547		12		388547		388559		12		1.000000		0
388		463672		560		464071		468412		4740		8.464286		4180
389		183703		561		184051		186234		2531		4.511586		1970
390		119674		613		119769		121524		1850		3.017945		1237
391		155031		422		155263		157511		2480		5.876777		2058
392		439468		384		440061		442145		2677		6.971354		2293
393		496476		744		496679		500127		3651		4.907258		2907
394		139200		282		139847		141418		2218		7.865248		1936
395		360694		48		360868		360916		222		4.625000		174
396		280083		80		280280		280360		277		3.462500		197
397		434711		624		435797		441249		6538		10.477564		5914
398		131516		554		132054		134229		2713		4.897112		2159
399		321304		360		322951		326797		5493		15.258333		5133
400		126363		543		126420		129003		2640		4.861878		2097
401		8827		564		9080		10846		2019		3.579787		1455
402		260574		557		260722		262403		1829		3.283662		1272
403		321916		127		323656		325419		3503		27.582677		3376
404		443886		600		444707		450140		6254		10.423333		5654
405		78011		372		78264		80279		2268		6.096774		1896
406		391992		713		392044		392834		842		1.180926		129
407		341095		595		341769		344558		3463		5.820168		2868
408		441689		613		442246		446663		4974		8.114192		4361
409		362494		773		362543		364220		1726		2.232859		953
410		482771		443		482771		484284		1513		3.415350		1070
411		112521		341		112657		113072		551		1.615836		210
412		456963		7		456963		456970		7		1.000000		0
413		30159		385		30421		32666		2507		6.511688		2122
414		333096		32		334068		334100		1004		31.375000		972
415		88573		264		88573		88847		274		1.037879		10
416		231579		260		232113		233792		2213		8.511538		1953
417		428815		153		429419		430041		1226		8.013072		1073
418		43830		154		44320		45130		1300		8.441558		1146
419		232752		684		233522		237762		5010		7.324561		4326
420		289054		69		289135		289204		150		2.173913		81
421		100333		716		100555		103183		2850		3.980447		2134
422		92861		600		93224		96333		3472		5.786667		2872
423		45211		629		45870		52593		7382		11.736089		6753
424		295352		504		295965		302797		7445		14.771825		6941
425		148145		58		148189		148247		102		1.758621		44
426		179949		77		179949		180026		77		1.000000		0
427		73682		219		73682		74226		544		2.484018		325
428		340603		113		341139		341887		1284		11.362832		1171
429		258095		195		258209		258445		350		1.794872		155
430		488009		100		488300		488400		391		3.910000		291
431		149510		621		149555		150433		923		1.486312		302
432		476772		389		477193		478333		1561		4.012853		1172
433		211742		726		212075		214653		2911		4.009642		2185
434		361761		155		361874		362303		542		3.496774		387
435		57375		47		58239		58286		911		19.382979		864
436		304314		416		305779		313120		8806		21.168269		8390
437		364566		109		364566		364680		114		1.045872		5
438		99136		376		99348		100340		1204		3.202128		828
439		448078		531		449116		452354		4276		8.052731		3745
440		350187		442		350187		351259		1072		2.425339		630
441		205317		224		205399		206034		717		3.200893		493
442		389594		538		389637		391061		1467		2.726766		929
443		183401		152		183469		183836		435		2.861842		283
444		415545		598		415545		416273		728		1.217391		130
445		420248		250		420369		420895		647		2.588000		397
446		320869		356		322321		326586		5717		16.058989		5361
447		139495		159		140096		140911		1416		8.905660		1257
448		164435		395		164660		165608		1173		2.969620		778
449		350948		390		351112		351809		861		2.207692		471
450		328436		597		329367		334685		6249		10.467337		5652
451		193364		324		193762		195813		2449		7.558642		2125
452		66031		303		66113		67061		1030		3.399340		727
453		46277		683		47219		54244		7967		11.664714		7284
454		412		721		441		1897		1485		2.059639		764
455		92361		309		92855		94552		2191		7.090615		1882
456		123283		553		123445		124786		1503		2.717902		950
457		397089		431		398242		402601		5512		12.788863		5081
458		109381		78		109524		109602		221		2.833333		143
459		243074		43		243755		243798		724		16.837209		681
460		71043		480		71043		71938		895		1.864583		415
461		461186		475		461186		461681		495		1.042105		20
462		249432		714		250621		256158		6726		9.420168		6012
463		205907		682		206144		208076		2169		3.180352		1487
464		468271		621		469056		472253		3982		6.412238		3361
465		456416		56		456473		456529		113		2.017857		57
466		481531		260		481589		482069		538		2.069231		278
467		462161		533		462462		465171		3010		5.647280		2477
468		240415		715		240443		245036		4621		6.462937		3906
469		245434		791		245991		253020		7586		9.590392		6795
470		35498		28		36099		36127		629		22.464286		601
471		107779		548		107928		109099		1320		2.408759		772
472		184529		735		184903		187279		2750		3.741497		2015
473		188011		421		188209		190330		2319		5.508314		1898
474		134415		664		134471		137545		3130		4.713855		2466
475		351542		239		351614		351958		416		1.740586		177
476		127112		659		127470		131363		4251		6.450683		3592
477		113723		281		113723		114119		396		1.409253		115
478		429761		98		430256		430354		593		6.051020		495
479		323117		431		324597		328627		5510		12.784223		5079
480		392838		785		392839		398132		5294		6.743949		4509
481		243795		686		244666		250812		7017		10.228863		6331
482		462018		322		462211		463534		1516		4.708075		1194
483		454635		709		454810		456648		2013		2.839210		1304
484		263451		386		263977		266727		3276		8.487047		2890
485		475964		71		476464		476535		571		8.042254		500
486		70569		102		70611		70823		254		2.490196		152
487		490435		97		490897		490994		559		5.762887		462
488		137668		700		137891		141808		4140		5.914286		3440
489		65362		48		65362		65410		48		1.000000		0
490		142237		436		142391		143458		1221		2.800459		785
491		10246		457		10362		11492		1246		2.726477		789
492		262336		550		262723		266332		3996		7.265455		3446
493		162246		770		162246		163458		1212		1.574026		442
494		459952		450		459952		460422		470		1.044444		20
495		139186		116		139742		140637		1451		12.508621		1335
496		297601		791		298935		310270		12669		16.016435		11878
497		243511		582		244223		248772		5261		9.039519		4679
498		121642		772		121765		122877		1235		1.599741		463
499		11108		99		11271		11370		262		2.646465		163
500		430920		294		431724		433875		2955		10.051020		2661
501		200394		673		200394		201158		764		1.135215		91
502		103520		691		103765		106204		2684		3.884226		1993
503		256589		431		256878		258345		1756		4.074246		1325
504		385629		390		385927		387057		1428		3.661538		1038
505		29624		704		29771		33964		4340		6.164773		3636
506		271559		667		271973		275634		4075		6.109445		3408
507		297215		671		298200		308122		10907		16.254844		10236
508		180192		648		180346		181775		1583		2.442901		935
509		258696		615		258696		259341		645		1.048780		30
510		493881		145		493881		494031		150		1.034483		5
511		492934		283		493058		493664		730		2.579505		447
512		297216		283		298305		301605		4389		15.508834		4106
513		83805		798		84473		87091		3286		4.117794		2488
514		483647		459		484136		486677		3030		6.601307		2571
515		303951		514		305464		314325		10374		20.182879		9860
516		98338		169		98434		98713		375		2.218935		206
517		416058		698		416070		416901		843		1.207736		145
518		211527		259		211550		212554		1027		3.965251		768
519		459399		200		459399		459604		205		1.025000		5
520		43654		709		44174		51125		7471		10.537377		6762
521		141374		225		141993		142626		1252		5.564444		1027
522		45246		14		46080		46094		848		60.571429		834
523		365460		543		365546		367564		2104		3.874770		1561
524		430756		639		431409		438034		7278		11.389671		6639
525		365582		509		365677		367578		1996		3.921415		1487
526		38391		190		39104		40041		1650		8.684211		1460
527		232472		469		233180		236672		4200		8.955224		3731
528		144017		408		144144		145123		1106		2.710784		698
529		270817		630		271050		274664		3847		6.106349		3217
530		443895		466		444812		449111		5216		11.193133		4750
531		58585		369		59230		61249		2664		7.219512		2295
532		111817		634		111817		112796		979		1.544164		345
533		260443		244		260465		260871		428		1.754098		184
534		179994		146		180136		180497		503		3.445205		357
535		436853		644		437785		442395		5542		8.605590		4898
536		225219		449		225393		226732		1513		3.369710		1064
537		55213		181		56353		57546		2333		12.889503		2152
538		49522		418		50696		55928		6406		15.325359		5988
539		12256		226		12256		12702		446		1.973451		220
540		77533		631		77760		81836		4303		6.819334		3672
541		437619		591		438590		442241		4622		7.820643		4031
542		285411		277		285411		285698		287		1.036101		10
543		467883		44		468645		468689		806		18.318182		762
544		19073		181		19073		19259		186		1.027624		5
545		89797		653		89797		90662		865		1.324655		212
546		346172		569		346354		347522		1350		2.372583		781
547		21553		383		21779		23122		1569		4.096606		1186
548		123025		391		123025		123746		721		1.843990		330
549		297687		397		299145		304022		6335		15.957179		5938
550		18191		172		18248		18530		339		1.970930		167
551		43019		493		43309		46297		3278		6.649087		2785
552		345472		211		345603		346244		772		3.658768		561
553		30228		633		30631		35472		5244		8.284360		4611
554		51609		595		53014		58746		7137		11.994958		6542
555		391624		437		391624		392186		562		1.286041		125
556		469378		344		469849		471387		2009		5.840116		1665
557		261419		797		261716		266829		5410		6.787955		4613
558		32039		390		32776		35319		3280		8.410256		2890
559		200570		56		200604		200660		90		1.607143		34
560		707		265		756		1241		534		2.015094		269
561		30432		768		30901		36656		6224		8.104167		5456
562		455102		33		455335		455368		266		8.060606		233
563		321222		338		322741		326732		5510		16.301775		5172
564		350334		80		350502		350582		248		3.100000		168
565		413851		510		413851		414386		535		1.049020		25
566		369801		78		369801		369879		78		1.000000		0
567		128288		423		128750		131601		3313		7.832151		2890
568		71455		75		71568		71643		188		2.506667		113
569		126620		469		126840		129252		2632		5.611940		2163
570		233704		217		234427		236182		2478		11.419355		2261
571		268559		198		269041		269874		1315		6.641414		1117
572		380193		235		380193		380438		245		1.042553		10
573		474224		732		474597		478029		3805		5.198087		3073
574		308338		585		309864		317983		9645		16.487179		9060
575		496049		747		496049		497997		1948		2.607764		1201
576		497865		598		498212		500545		2680		4.481605		2082
577		188629		434		189049		191902		3273		7.541475		2839
578		111171		168		111171		111344		173		1.029762		5
579		47447		252		48328		50691		3244		12.873016		2992
580		128760		258		129362		130774		2014		7.806202		1756
581		362734		51		362858		362909		175		3.431373		124
582		450872		515		451400		453109		2237		4.343689		1722
583		246540		175		247375		248395		1855		10.600000		1680
584		182242		280		182242		182847		605		2.160714		325
585		178096		361		178234		178884		788		2.182825		427
586		424109		299		424109		424418		309		1.033445		10
587		151733		256		151924		152655		922		3.601562		666
588		9338		655		9599		11430		2092		3.193893		1437
589		249239		710		250306		255642		6403		9.018310		5693
590		333455		77		334401		334478		1023		13.285714		946
591		143074		489		143317		143929		855		1.748466		366
592		304473		473		305989		313618		9145		19.334038		8672
593		300640		504		302244		310279		9639		19.125000		9135
594		357907		445		358391		360454		2547		5.723596		2102
595		409853		440		410034		412189		2336		5.309091		1896
596		342089		268		342691		343911		1822		6.798507		1554
597		17933		589		17933		18729		796		1.351443		207
598		296314		514		297150		304934		8620		16.770428		8106
599		347993		474		348117		349642		1649		3.478903		1175
600		153986		158		154340		154918		932		5.898734		774
601		427207		490		427329		428994		1787		3.646939		1297
602		489096		496		489532		491983		2887		5.820565		2391
603		398750		93		399933		400026		1276		13.720430		1183
604		237601		36		237872		237908		307		8.527778		271
605		316111		342		317395		322106		5995		17.529240		5653
606		425981		209		426164		426650		669		3.200957		460
607		435081		338		436252		439389		4308		12.745562		3970
608		323593		55		325227		325282		1689		30.709091		1634
609		162451		74		162561		162635		184		2.486486		110
610		132864		701		133268		136441		3577		5.102710		2876
611		184519		305		184693		185958		1439		4.718033		1134
612		361244		554		361244		362033		789		1.424188		235
613		284266		54		284396		284450		184		3.407407		130
614		483278		760		483506		487582		4304		5.663158		3544
615		152468		612		152660		155040		2572		4.202614		1960
616		174700		465		175002		177027		2327		5.004301		1862
617		215360		476		215376		216419		1059		2.224790		583
618		174968		598		175422		177389		2421		4.048495		1823
619		178584		63		178755		178818		234		3.714286		171
620		311155		570		312789		320819		9664		16.954386		9094
621		499978		648		501391		502069		2091		3.226852		1443
622		486585		337		486997		488547		1962		5.821958		1625
623		467590		212		468247		469739		2149		10.136792		1937
624		203484		131		203484		203620		136		1.038168		5
625		8030		794		8030		9279		1249		1.573048		455
626		218698		349		218698		219062		364		1.042980		15
627		327653		550		328491		333905		6252		11.367273		5702
628		411354		295		411907		412604		1250		4.237288		955
629		253853		272		254303		255719		1866		6.860294		1594
630		293235		234		293725		295341		2106		9.000000		1872
631		48249		722		49190		57910		9661		13.380886		8939
632		2349		736		2385		4120		1771		2.406250		1035
633		148084		410		148084		148787		703		1.714634		293
634		410423		518		410823		412942		2519		4.862934		2001
635		106238		621		106629		108416		2178		3.507246		1557
636		354068		779		354068		355733		1665		2.137356		886
637		458714		169		458732		459011		297		1.757396		128
638		73979		206		74102		74552		573		2.781553		367
639		183535		258		183679		184688		1153		4.468992		895
640		105402		216		105774		106855		1453		6.726852		1237
641		146515		366		146515		147393		878		2.398907		512
642		400466		453		401379		403298		2832		6.251656		2379
643		436747		121		437680		438821		2074		17.140496		1953
644		135144		174		135626		136435		1291		7.419540		1117
645		222806		201		222932		223563		757		3.766169		556
646		113274		380		113274		113669		395		1.039474		15
647		412666		656		412819		413662		996		1.518293		340
648		51017		424		52249		57145		6128		14.452830		5704
649		292940		752		293305		299722		6782		9.018617		6030
650		403771		193		403771		403969		198		1.025907		5
651		215723		331		215901		216560		837		2.528701		506
652		38099		592		38490		42478		4379		7.396959		3787
653		131196		390		131739		133158		1962		5.030769		1572
654		149798		79		149908		149987		189		2.392405		110
655		422246		684		422246		423380		1134		1.657895		450
656		39000		2		39839		39841		841		420.500000		839
657		95653		762		96113		97865		2212		2.902887		1450
658		75634		620		75740		76666		1032		1.664516		412
659		283992		401		284081		284864		872		2.174564		471
660		239353		379		239439		240118		765		2.018470		386
661		139157		751		139637		143102		3945		5.252996		3194
662		310557		628		312064		321167		10610		16.894904		9982
663		484602		624		485125		488295		3693		5.918269		3069
664		128926		327		129572		131734		2808		8.587156		2481
665		355719		295		356263		357662		1943		6.586441		1648
666		209424		251		209662		210737		1313		5.231076		1062
667		339593		595		339732		342476		2883		4.845378		2288
668		278583		324		278583		278922		339		1.046296		15
669		375954		743		376113		377555		1601		2.154778		858
670		318225		383		319423		324487		6262		16.349869		5879
671		183583		153		183841		184415		832		5.437908		679
672		383313		427		383712		385659		2346		5.494145		1919
673		329397		389		330423		333640		4243		10.907455		3854
674		327989		548		328842		334063		6074		11.083942		5526
675		186077		590		186299		187649		1572		2.664407		982
676		152891		495		153080		154855		1964		3.967677		1469
677		452673		787		452884		453876		1203		1.528590		416
678		409762		249		409824		410608		846		3.397590		597
679		341375		476		341997		344307		2932		6.159664		2456
680		247521		641		248505		254088		6567		10.244930		5926
681		104090		647		104312		107051		2961		4.576507		2314
682		317592		146		318767		320744		3152		21.589041		3006
683		220821		37		221071		221108		287		7.756757		250
684		447178		176		448100		449297		2119		12.039773		1943
685		40909		328		41483		43199		2290		6.981707		1962
686		427679		604		427959		432043		4364		7.225166		3760
687		138981		45		139377		139422		441		9.800000		396
688		36433		145		36828		37503		1070		7.379310		925
689		302644		731		304027		316217		13573		18.567715		12842
690		98119		775		98119		99528		1409		1.818065		634
691		464468		722		465176		470669		6201		8.588643		5479
692		330308		611		331241		335888		5580		9.132570		4969
693		230811		342		231063		233175		2364		6.912281		2022
694		370768		71		370946		371017		249		3.507042		178
695		295110		539		295699		302134		7024		13.031540		6485
696		318336		690		319633		328066		9730		14.101449		9040
697		91586		354		91888		93488		1902		5.372881		1548
698		375589		729		375693		377402		1813		2.486968		1084
699		248455		408		249512		253453		4998		12.250000		4590
700		425534		720		425534		427039		1505		2.090278		785
701		120874		566		120986		122146		1272		2.247350		706
702		30209		414		30526		33535		3326		8.033816		2912
703		196910		657		196910		197968		1058		1.610350		401
704		260938		595		260981		263133		2195		3.689076		1600
705		463768		355		464386		467226		3458		9.740845		3103
706		488275		659		488552		491882		3607		5.473445		2948
707		126420		589		126630		129766		3346		5.680815		2757
708		378081		536		378081		378642		561		1.046642		25
709		75005		784		75005		75929		924		1.178571		140
710		462121		402		462357		464066		1945		4.838308		1543
711		383490		69		384027		384096		606		8.782609		537
712		318373		458		319774		326426		8053		17.582969		7595
713		432737		230		433676		436037		3300		14.347826		3070
714		303836		715		305359		317032		13196		18.455944		12481
715		49433		394		50534		54750		5317		13.494924		4923
716		486910		124		487417		488031		1121		9.040323		997
717		115288		708		115434		117472		2184		3.084746		1476
718		446515		672		447407		452276		5761		8.572917		5089
719		116466		199		116578		116992		526		2.643216		327
720		311752		255		313623		316592		4840		18.980392		4585
721		82864		587		83435		86366		3502		5.965928		2915
722		57527		381		58361		60623		3096		8.125984		2715
723		151315		485		151399		152594		1279		2.637113		794
724		82868		761		83540		86883		4015		5.275953		3254
725		217162		274		217274		217978		816		2.978102		542
726		145493		542		145577		146506		1013		1.869004		471
727		358151		205		358706		359879		1728		8.429268		1523
728		108433		667		108526		109779		1346		2.017991		679
729		174180		489		174267		176162		1982		4.053170		1493
730		488433		623		488657		492116		3683		5.911717		3060
731		190697		766		191399		195482		4785		6.246736		4019
732		426624		144		426655		426909		285		1.979167		141
733		8815		386		8975		10147		1332		3.450777		946
734		134536		341		134786		136592		2056		6.029326		1715
735		96946		34		97242		97276		330		9.705882		296
736		254571		241		255212		256317		1746		7.244813		1505
737		279020		611		279020		280376		1356		2.219313		745
738		405446		99		405446		405545		99		1.000000		0
739		264059		289		264591		266531		2472		8.553633		2183
740		189361		667		190099		193757		4396		6.590705		3729
741		66008		422		66008		67088		1080		2.559242		658
742		114577		455		114677		115943		1366		3.002198		911
743		298720		160		300147		301985		3265		20.406250		3105
744		231399		612		231903		236794		5395		8.815359		4783
745		167985		453		167985		168668		683		1.507726		230
746		245569		634		246201		252509		6940		10.946372		6306
747		211528		283		211655		212747		1219		4.307420		936
748		181019		194		181132		181541		522		2.690722		328
749		45333		696		46099		52904		7571		10.877874		6875
750		394680		708		395359		402719		8039		11.354520		7331
751		294548		680		295202		302788		8240		12.117647		7560
752		338441		453		338441		339124		683		1.507726		230
753		477702		321		477892		478464		762		2.373832		441
754		36608		689		37143		41280		4672		6.780842		3983
755		248554		162		249722		251089		2535		15.648148		2373
756		239334		370		239334		240034		700		1.891892		330
757		77175		515		77235		79749		2574		4.998058		2059
758		271425		665		271785		275457		4032		6.063158		3367
759		93275		248		93703		95025		1750		7.056452		1502
760		397851		426		399191		402855		5004		11.746479		4578
761		239010		13		239010		239023		13		1.000000		0
762		136294		221		136774		137571		1277		5.778281		1056
763		315614		139		316807		318132		2518		18.115108		2379
764		203586		66		203625		203691		105		1.590909		39
765		165573		500		165696		166216		643		1.286000		143
766		35931		667		36378		40218		4287		6.427286		3620
767		247518		474		248400		252819		5301		11.183544		4827
768		66393		325		66533		67413		1020		3.138462		695
769		134612		774		134996		138700		4088		5.281654		3314
770		483334		155		483716		484344		1010		6.516129		855
771		361675		320		361769		362538		863		2.696875		543
772		230433		622		230433		233412		2979		4.789389		2357
773		109285		452		109314		110068		783		1.732301		331
774		347450		260		347527		347902		452		1.738462		192
775		21036		513		21155		23245		2209		4.306043		1696
776		496524		503		496784		499265		2741		5.449304		2238
777		388722		47		388722		388769		47		1.000000		0
778		226936		371		226998		227515		579		1.560647		208
779		482835		689		482876		485634		2799		4.062409		2110
780		114340		123		114439		114672		332		2.699187		209
781		45141		409		45765		49829		4688		11.462103		4279
782		124881		224		124896		125365		484		2.160714		260
783		57347		212		58125		59866		2519		11.882075		2307
784		50584		428		51776		57116		6532		15.261682		6104
785		326981		313		327702		330751		3770		12.044728		3457
786		124183		672		124381		125757		1574		2.342262		902
787		305644		209		307316		311140		5496		26.296651		5287
788		143859		217		143934		144686		827		3.811060		610
789		372827		530		372827		373697		870		1.641509		340
790		133841		111		134070		134455		614		5.531532		503
791		252964		264		253563		254892		1928		7.303030		1664
792		170261		318		170281		170929		668		2.100629		350
793		295887		439		296625		302388		6501		14.808656		6062
794		395079		399		396094		399815		4736		11.869674		4337
795		344072		323		344312		344796		724		2.241486		401
796		443483		620		444182		450375		6892		11.116129		6272
797		192394		766		192814		196529		4135		5.398172		3369
798		214577		717		214763		216338		1761		2.456067		1044
799		292343		494		292477		295092		2749		5.564777		2255
800		490757		714		491403		493683		2926		4.098039		2212
801		331784		477		332816		335872		4088		8.570231		3611
802		340685		541		341349		344458		3773		6.974122		3232
803		469557		629		470017		473164		3607		5.734499		2978
804		68709		97		68709		68806		97		1.000000		0
805		8558		337		8660		9741		1183		3.510386		846
806		252600		503		253235		256271		3671		7.298211		3168
807		365619		723		365782		367816		2197		3.038728		1474
808		419561		462		419836		420840		1279		2.768398		817
809		336411		259		336659		337453		1042		4.023166		783
810		472933		241		473484		474592		1659		6.883817		1418
811		340411		37		340887		340924		513		13.864865		476
812		102401		417		102747		104202		1801		4.318945		1384
813		1132		358		1246		2065		933		2.606145		575
814		315250		531		316432		324189		8939		16.834275		8408
815		114844		229		114992		115778		934		4.078603		705
816		445504		409		446440		450599		5095		12.457213		4686
817		420948		581		421005		421875		927		1.595525		346
818		116761		142		116997		117354		593		4.176056		451
819		319790		458		321592		327356		7566		16.519651		7108
820		265594		671		266536		270486		4892		7.290611		4221
821		420725		349		420900		421579		854		2.446991		505
822		106223		147		106524		107103		880		5.986395		733
823		473759		745		474152		477878		4119		5.528859		3374
824		480555		537		480555		481479		924		1.720670		387
825		373128		572		373142		374299		1171		2.047203		599
826		7007		689		7007		7726		719		1.043541		30
827		369904		292		369904		370311		407		1.393836		115
828		279048		609		279125		280390		1342		2.203612		733
829		442739		189		443143		443967		1228		6.497354		1039
830		197216		251		197225		197696		480		1.912351		229
831		433010		336		433985		437360		4350		12.946429		4014
832		36915		674		37353		41373		4458		6.614243		3784
833		461614		712		461686		464503		2889		4.057584		2177
834		293520		77		294250		294327		807		10.480519		730
835		355499		605		355948		359869		4370		7.223140		3765
836		126105		715		126105		128640		2535		3.545455		1820
837		110012		225		110073		110308		296		1.315556		71
838		78920		681		79524		84177		5257		7.719530		4576
839		290816		573		290816		291519		703		1.226876		130
840		410295		276		410613		411797		1502		5.442029		1226
841		12963		745		13047		13986		1023		1.373154		278
842		393835		503		394309		399928		6093		12.113320		5590
843		43062		20		43519		43539		477		23.850000		457
844		302960		436		304395		311663		8703		19.961009		8267
845		299885		554		301417		309859		9974		18.003610		9420
846		76088		177		76144		76431		343		1.937853		166
847		159249		97		159324		159421		172		1.773196		75
848		119559		557		119559		120771		1212		2.175943		655
849		283032		417		283032		283971		939		2.251799		522
850		434972		280		436147		438312		3340		11.928571		3060
851		488546		484		488867		491083		2537		5.241736		2053
852		431107		630		432048		438585		7478		11.869841		6848
853		326109		159		326983		327866		1757		11.050314		1598
854		182330		781		182347		183464		1134		1.451985		353
855		85855		126		86174		86607		752		5.968254		626
856		297221		626		298410		308258		11037		17.630990		10411
857		26279		772		26662		28316		2037		2.638601		1265
858		30742		657		31321		36189		5447		8.290715		4790
859		396643		543		397837		402903		6260		11.528545		5717
860		87847		103		87847		87955		108		1.048544		5
861		350231		530		350292		351504		1273		2.401887		743
862		445777		737		446668		452318		6541		8.875170		5804
863		293292		233		293830		295379		2087		8.957082		1854
864		163048		89		163084		163173		125		1.404494		36
865		494767		677		494767		495474		707		1.044313		30
866		263912		774		264381		269953		6041		7.804910		5267
867		191802		114		192376		192933		1131		9.921053		1017
868		81872		172		82471		83219		1347		7.831395		1175
869		237751		665		237913		238853		1102		1.657143		437
870		151189		555		151189		152399		1210		2.180180		655
871		389532		760		389532		391231		1699		2.235526		939
872		471482		412		471917		474147		2665		6.468447		2253
873		155819		612		156258		158676		2857		4.668301		2245
874		1505		625		1666		2830		1325		2.120000		700
875		352279		16		352279		352295		16		1.000000		0
876		265344		106		266177		267179		1835		17.311321		1729
877		285993		111		285993		286109		116		1.045045		5
878		228342		274		228519		229433		1091		3.981752		817
879		309161		438		311026		317285		8124		18.547945		7686
880		188313		544		188629		192266		3953		7.266544		3409
881		22116		281		22409		23418		1302		4.633452		1021
882		303594		578		304939		313911		10317		17.849481		9739
883		179949		671		180031		181617		1668		2.485842		997
884		264534		219		265221		267168		2634		12.027397		2415
885		182372		101		182557		182853		481		4.762376		380
886		274011		77		274447		274524		513		6.662338		436
887		396839		257		398137		400823		3984		15.501946		3727
888		20420		694		20420		21774		1354		1.951009		660
889		247718		211		248777		251210		3492		16.549763		3281
890		137825		678		138206		142176		4351		6.417404		3673
891		143982		350		144039		145005		1023		2.922857		673
892		318859		322		320593		325446		6587		20.456522		6265
893		163346		376		163463		164550		1204		3.202128		828
894		25612		354		25765		27112		1500		4.237288		1146
895		487648		60		488036		488096		448		7.466667		388
896		309140		679		310921		320273		11133		16.396171		10454
897		198855		517		198855		199397		542		1.048356		25
898		256387		287		256563		257490		1103		3.843206		816
899		30904		757		31531		36823		5919		7.819022		5162
900		329209		474		330193		334291		5082		10.721519		4608
901		485701		29		486164		486193		492		16.965517		463
902		317885		21		319082		319103		1218		58.000000		1197
903		348714		141		349016		349477		763		5.411348		622
904		467903		258		468694		470012		2109		8.174419		1851
905		392934		785		393049		398474		5540		7.057325		4755
906		229133		129		229438		229883		750		5.813953		621
907		41602		118		42113		42816		1214		10.288136		1096
908		483244		345		483401		485015		1771		5.133333		1426
909		144249		149		144564		144950		701		4.704698		552
910		193808		410		194392		196353		2545		6.207317		2135
911		255487		699		256039		258204		2717		3.886981		2018
912		158014		101		158230		158599		585		5.792079		484
913		148386		295		148462		148887		501		1.698305		206
914		365851		354		366097		367411		1560		4.406780		1206
915		484379		91		484769		484860		481		5.285714		390
916		408918		661		408918		409609		691		1.045386		30
917		314632		481		315964		322010		7378		15.338877		6897
918		352621		756		352621		353412		791		1.046296		35
919		97812		147		97870		98022		210		1.428571		63
920		292482		525		292885		296410		3928		7.481905		3403
921		442604		348		442828		445385		2781		7.991379		2433
922		44016		16		44635		44651		635		39.687500		619
923		102311		207		102537		103453		1142		5.516908		935
924		189155		413		189679		192599		3444		8.338983		3031
925		68821		162		68821		68988		167		1.030864		5
926		394811		116		395674		396845		2034		17.534483		1918
927		418615		661		418615		419831		1216		1.839637		555
928		311355		378		313125		317683		6328		16.740741		5950
929		499931		602		500237		501386		1455		2.416944		853
930		246291		759		246955		253727		7436		9.797101		6677
931		404970		311		404970		405296		326		1.048232		15
932		454390		362		454562		455750		1360		3.756906		998
933		431069		403		431934		436465		5396		13.389578		4993
934		382949		164		383013		383392		443		2.701220		279
935		160239		82		160449		160531		292		3.560976		210
936		35980		232		36483		37645		1665		7.176724		1433
937		213399		445		213577		214913		1514		3.402247		1069
938		103402		349		103660		104676		1274		3.650430		925
939		156313		63		156791		156854		541		8.587302		478
940		94975		110		95555		96228		1253		11.390909		1143
941		208224		335		208275		209132		908		2.710448		573
942		65795		187		65795		65987		192		1.026738		5
943		58964		792		59749		62258		3294		4.159091		2502
944		210192		703		210581		213175		2983		4.243243		2280
945		87060		48		87096		87144		84		1.750000		36
946		59557		36		60186		60222		665		18.472222		629
947		160749		31		160749		160780		31		1.000000		0
948		211632		700		211865		214202		2570		3.671429		1870
949		370015		619		370114		371296		1281		2.069467		662
950		137051		534		137376		140091		3040		5.692884		2506
951		286365		655		286365		287155		790		1.206107		135
952		149450		233		149450		149903		453		1.944206		220
953		285732		117		285732		285854		122		1.042735		5
954		348178		54		348432		348486		308		5.703704		254
955		78114		446		78474		81590		3476		7.793722		3030
956		183532		755		183574		186294		2762		3.658278		2007
957		449292		740		450250		453259		3967		5.360811		3227
958		429530		528		430046		434979		5449		10.320076		4921
959		142829		257		142946		143520		691		2.688716		434
960		83503		76		84182		84258		755		9.934211		679
961		145262		642		145262		146354		1092		1.700935		450
962		238271		213		238350		238783		512		2.403756		299
963		189712		412		190440		192950		3238		7.859223		2826
964		397829		656		398981		403240		5411		8.248476		4755
965		77189		528		77340		80097		2908		5.507576		2380
966		106333		34		106860		106894		561		16.500000		527
967		240617		707		240863		245881		5264		7.445545		4557
968		396022		137		396997		398384		2362		17.240876		2225
969		24989		750		25105		27760		2771		3.694667		2021
970		484747		553		485335		488259		3512		6.350814		2959
971		203706		704		203706		204445		739		1.049716		35
972		405794		280		405794		406084		290		1.035714		10
973		433958		200		434846		436142		2184		10.920000		1984
974		177607		478		177709		178645		1038		2.171548		560
975		24104		340		24263		25250		1146		3.370588		806
976		339380		664		339417		342271		2891		4.353916		2227
977		436875		567		437890		441846		4971		8.767196		4404
978		475378		404		475834		477887		2509		6.210396		2105
979		60258		540		60810		62161		1903		3.524074		1363
980		219018		760		219067		219862		844		1.110526		84
981		440792		200		441359		442056		1264		6.320000		1064
982		33705		105		34494		35434		1729		16.466667		1624
983		113840		610		113933		115107		1267		2.077049		657
984		224111		128		224111		224244		133		1.039062		5
985		206632		782		206872		208987		2355		3.011509		1573
986		274636		59		275194		275253		617		10.457627		558
987		393489		739		393784		401077		7588		10.267930		6849
988		79689		432		80389		83361		3672		8.500000		3240
989		48460		248		49610		52244		3784		15.258065		3536
990		420586		50		420723		420773		187		3.740000		137
991		51112		565		52459		58356		7244		12.821239		6679
992		241930		319		242635		245060		3130		9.811912		2811
993		370321		340		370421		371167		846		2.488235		506
994		163631		61		163883		163944		313		5.131148		252
995		123220		532		123235		124623		1403		2.637218		871
996		100731		250		100890		101692		961		3.844000		711
997		240705		365		241073		242910		2205		6.041096		1840
998		261774		389		262136		263867		2093		5.380463		1704
999		96868		146		97032		97432		564		3.863014		418
CPUTime: 502069
Number of Switches: 4607
Switch Time: 5
