5
0 52212 142
1 364281 157
2 497209 389
3 71936 275
4 135450 158
5 463312 133
6 8332 733
7 174354 240
8 146375 18
9 295321 451
10 283 558
11 467416 536
12 89224 249
13 77819 366
14 147545 247
15 233539 8
16 335363 558
17 457745 574
18 483247 125
19 295833 435
20 207766 650
21 271334 746
22 275384 451
23 428468 89
24 348890 161
25 347469 142
26 58628 726
27 280525 38
28 106803 653
29 473250 745
30 149103 301
31 470457 742
32 337314 19
33 349742 555
34 6940 562
35 455611 776
36 421073 659
37 463509 546
38 188985 10
39 150921 330
40 148470 276
41 403401 791
42 345980 251
43 387654 727
44 58623 784
45 223483 105
46 84045 527
47 208545 693
48 171198 113
49 258273 240
50 236567 540
51 409197 637
52 473533 41
53 370449 259
54 297387 471
55 216746 572
56 36113 610
57 185659 500
58 336777 494
59 351228 514
60 450569 201
61 119479 664
62 301355 568
63 488679 377
64 419015 107
65 167045 105
66 493541 735
67 329574 595
68 481653 227
69 162297 377
70 254099 641
71 241250 196
72 48246 613
73 188658 62
74 16575 224
75 280424 687
76 130950 297
77 34463 704
78 244279 658
79 437563 743
80 302799 447
81 351581 161
82 213555 693
83 296118 708
84 413883 361
85 490600 368
86 386514 783
87 474547 203
88 191464 361
89 319784 6
90 219443 392
91 207887 209
92 16463 794
93 299051 304
94 298197 295
95 473092 167
96 373927 197
97 413688 674
98 38533 635
99 315394 560
100 200926 769
101 153103 395
102 70549 594
103 38553 3
104 307207 766
105 2756 738
106 474897 603
107 393396 596
108 2050 513
109 284806 800
110 461765 249
111 401244 300
112 98924 45
113 455878 86
114 57444 210
115 122578 73
116 93619 323
117 394867 34
118 436035 169
119 442533 622
120 308110 395
121 302596 42
122 188636 609
123 290720 793
124 421143 288
125 7287 680
126 366130 62
127 251305 84
128 256168 255
129 135216 337
130 494808 365
131 121039 195
132 66179 428
133 268947 707
134 449327 615
135 261808 281
136 189473 191
137 56798 405
138 276749 63
139 85149 671
140 472101 293
141 97153 789
142 33671 632
143 319638 12
144 88347 593
145 136156 455
146 229000 308
147 204287 748
148 289454 780
149 297393 435
150 201067 734
151 28923 354
152 139957 141
153 285002 474
154 482296 707
155 114599 104
156 495291 350
157 308981 105
158 92915 516
159 351507 172
160 99825 15
161 297122 16
162 277563 378
163 140356 610
164 490995 170
165 354854 502
166 29654 415
167 115307 131
168 2203 12
169 102670 310
170 303165 52
171 471601 22
172 461725 409
173 360123 135
174 441905 594
175 284959 783
176 231998 483
177 403259 482
178 99842 762
179 92930 768
180 14068 791
181 315604 585
182 347914 75
183 246037 512
184 347573 71
185 383673 708
186 98680 691
187 481898 427
188 184912 407
189 147751 775
190 86356 418
191 184899 711
192 31144 307
193 344267 511
194 164477 587
195 254528 750
196 417686 498
197 271323 86
198 17396 353
199 164774 114
200 398772 522
201 48411 1
202 452778 654
203 57859 263
204 421388 92
205 264508 363
206 154672 97
207 358803 161
208 86622 217
209 333155 223
210 189324 701
211 462349 484
212 174168 163
213 421666 426
214 283738 718
215 105590 42
216 167593 111
217 179963 403
218 217016 372
219 258062 575
220 476136 357
221 178852 524
222 4683 410
223 332977 408
224 273430 458
225 358757 533
226 270168 355
227 102468 660
228 87484 689
229 168605 135
230 126927 375
231 70084 597
232 444550 121
233 431244 1
234 20574 319
235 332674 507
236 244581 264
237 143872 679
238 81886 17
239 373274 402
240 159334 117
241 334422 384
242 85842 703
243 390190 443
244 477376 79
245 93604 749
246 365696 305
247 415176 490
248 430089 199
249 4516 21
250 52079 616
251 480078 743
252 381420 661
253 62277 303
254 133504 107
255 334974 352
256 183934 391
257 255044 597
258 122638 530
259 475807 787
260 236734 368
261 220671 613
262 249453 383
263 445380 200
264 498620 695
265 179261 297
266 303438 300
267 347359 493
268 315994 60
269 164517 37
270 361539 251
271 291392 293
272 185240 675
273 331603 37
274 208023 232
275 440598 563
276 409526 310
277 79892 22
278 329820 580
279 371225 473
280 491521 441
281 395491 88
282 226179 112
283 12522 452
284 168839 126
285 40728 241
286 192884 780
287 92205 121
288 378557 525
289 202355 609
290 263922 533
291 64041 106
292 336926 650
293 348780 286
294 185558 348
295 11539 7
296 286845 632
297 21094 632
298 166234 577
299 87901 18
300 227009 226
301 398156 630
302 477102 694
303 314369 762
304 430521 460
305 474943 726
306 192382 45
307 367893 585
308 199270 510
309 212408 674
310 453031 381
311 110963 300
312 147330 677
313 285604 58
314 182026 317
315 197694 707
316 18487 236
317 345280 651
318 86212 742
319 367600 3
320 192727 734
321 227529 496
322 397880 662
323 430770 223
324 328448 703
325 31034 331
326 399830 232
327 54060 398
328 290406 313
329 409781 465
330 213170 434
331 397820 276
332 203325 11
333 259951 254
334 435455 290
335 338975 705
336 2799 535
337 45995 105
338 178279 232
339 46885 319
340 152648 680
341 320910 320
342 236268 479
343 132343 571
344 214635 628
345 15460 525
346 149599 158
347 192167 33
348 205437 477
349 175166 472
350 128727 445
351 301778 94
352 96997 327
353 64910 127
354 373596 429
355 314707 596
356 206067 645
357 95075 419
358 10588 288
359 1714 571
360 285894 424
361 169381 727
362 463159 294
363 321121 301
364 362723 149
365 342193 288
366 26780 251
367 139329 324
368 40801 131
369 431758 240
370 332386 798
371 456994 67
372 398436 54
373 13493 422
374 312191 225
375 150600 8
376 48734 486
377 49930 334
378 230585 246
379 213193 652
380 383691 510
381 84759 539
382 232062 72
383 66953 89
384 444679 416
385 203613 665
386 277882 267
387 331871 608
388 245380 319
389 101694 565
390 360572 772
391 172008 295
392 104979 59
393 453903 339
394 109341 366
395 428874 697
396 255187 233
397 419856 386
398 254074 402
399 292816 410
400 18225 354
401 492171 430
402 173388 108
403 472425 44
404 185759 369
405 492691 73
406 359118 284
407 488341 700
408 402989 99
409 299663 645
410 125693 332
411 5363 90
412 274874 81
413 384481 420
414 428381 501
415 244054 50
416 190079 559
417 259066 578
418 92972 620
419 314940 644
420 338315 333
421 357767 432
422 488683 635
423 177884 510
424 304705 473
425 404003 300
426 238788 351
427 343982 120
428 367290 63
429 75315 464
430 438465 24
431 274982 170
432 88298 545
433 24715 1
434 298243 472
435 460003 8
436 179991 112
437 366697 523
438 196583 675
439 76698 582
440 38480 490
441 448039 255
442 422773 21
443 323634 23
444 36837 16
445 118439 550
446 234670 103
447 120198 174
448 460173 570
449 4240 467
450 17273 17
451 427679 596
452 314717 465
453 382290 777
454 355309 102
455 28942 590
456 456043 542
457 203761 534
458 301707 769
459 201583 549
460 442697 146
461 330199 375
462 246147 569
463 16689 351
464 128016 721
465 481089 130
466 17876 42
467 358906 321
468 219497 594
469 360246 749
470 216537 759
471 1300 741
472 398874 581
473 84100 614
474 265161 582
475 55478 85
476 138410 660
477 401579 431
478 368780 559
479 107230 669
480 455549 349
481 191141 672
482 29792 626
483 322370 800
484 323948 42
485 356799 570
486 104509 486
487 229418 52
488 95865 184
489 203965 719
490 115554 227
491 85237 596
492 177825 366
493 138523 769
494 421436 558
495 92457 506
496 366777 186
497 366762 400
498 349998 122
499 178562 334
500 388102 347
501 214432 514
502 426165 164
503 12347 651
504 273720 783
505 399408 665
506 24811 476
507 143240 199
508 4166 238
509 265594 516
510 60220 356
511 335292 5
512 158003 598
513 339918 456
514 407540 2
515 181948 433
516 86546 795
517 320957 733
518 372934 264
519 67445 57
520 82320 255
521 52281 6
522 484203 733
523 326121 322
524 493636 723
525 446677 68
526 482471 258
527 497206 370
528 484024 475
529 164828 678
530 388309 365
531 203558 729
532 292212 8
533 20270 69
534 390524 347
535 328152 516
536 87273 46
537 96329 435
538 75955 277
539 76198 51
540 46869 345
541 156153 28
542 321197 542
543 186167 560
544 23188 422
545 213138 596
546 230475 651
547 419057 249
548 473916 288
549 187833 481
550 59747 442
551 353638 339
552 412772 621
553 234849 720
554 388769 280
555 91023 200
556 366627 439
557 481331 329
558 433240 625
559 9397 300
560 34846 429
561 384278 488
562 171936 523
563 288009 489
564 275368 605
565 26645 196
566 24533 268
567 498488 636
568 362954 506
569 442384 90
570 77088 76
571 220066 161
572 329640 516
573 147891 598
574 385248 481
575 219309 490
576 396176 96
577 185417 740
578 439627 465
579 246669 179
580 481973 148
581 99167 515
582 169950 107
583 443811 56
584 347344 105
585 300980 149
586 468660 785
587 384500 599
588 238795 701
589 61181 392
590 206032 45
591 60491 43
592 433133 610
593 186673 309
594 252038 762
595 120460 543
596 223009 413
597 240518 428
598 333634 512
599 458567 683
600 119582 531
601 138115 700
602 313297 595
603 419246 568
604 71358 94
605 192489 780
606 293621 144
607 395952 181
608 15240 356
609 115868 578
610 32320 79
611 1290 681
612 488660 482
613 180992 562
614 475195 695
615 35977 360
616 431811 378
617 215723 45
618 229411 309
619 297201 570
620 131749 322
621 110864 443
622 259022 571
623 168477 769
624 122146 215
625 57893 698
626 53378 419
627 442499 336
628 333696 439
629 380684 644
630 295754 92
631 420020 662
632 107105 366
633 472674 96
634 287065 517
635 169990 628
636 292270 415
637 360536 55
638 304023 445
639 358259 567
640 346063 122
641 113339 505
642 8039 242
643 441479 191
644 212033 137
645 166979 117
646 255177 588
647 235353 153
648 255447 684
649 215151 380
650 10606 465
651 477678 342
652 182348 29
653 386873 168
654 399933 324
655 445244 685
656 193988 397
657 161790 184
658 130773 428
659 60115 422
660 458137 759
661 366945 248
662 363151 516
663 91950 251
664 343029 199
665 193815 254
666 224947 389
667 189216 646
668 42412 96
669 426370 442
670 370277 298
671 221046 415
672 446549 266
673 282645 437
674 2457 75
675 452832 713
676 102559 596
677 190262 130
678 454780 111
679 100661 165
680 122017 562
681 184149 77
682 482321 565
683 270611 119
684 482159 287
685 499783 182
686 84947 790
687 433054 30
688 120017 297
689 125170 52
690 91164 76
691 99422 755
692 430484 476
693 192138 437
694 104600 465
695 215777 800
696 103627 218
697 89934 728
698 289645 701
699 159738 98
700 90231 157
701 156945 675
702 396703 779
703 223027 753
704 354755 274
705 155548 550
706 458904 320
707 155995 123
708 77358 141
709 307356 134
710 157284 711
711 424927 734
712 423060 464
713 395915 14
714 424463 258
715 33566 455
716 231528 295
717 206224 464
718 313215 584
719 177656 4
720 310153 324
721 130242 757
722 120878 610
723 191149 190
724 167074 189
725 412898 106
726 37990 359
727 117973 579
728 401743 252
729 206460 290
730 69543 607
731 357252 379
732 463242 624
733 462006 278
734 9080 10
735 477132 16
736 5571 386
737 137346 528
738 426316 403
739 357390 48
740 359704 592
741 434101 242
742 157171 96
743 375098 428
744 82316 515
745 385121 759
746 337937 212
747 1986 774
748 322202 732
749 110340 345
750 136359 436
751 183220 626
752 227552 684
753 301085 568
754 181766 269
755 263611 428
756 477820 672
757 439166 466
758 282492 592
759 193906 665
760 412174 361
761 65723 180
762 354104 64
763 83994 510
764 48053 308
765 23942 288
766 314512 766
767 359048 315
768 60433 465
769 212284 486
770 351312 601
771 283671 249
772 222665 686
773 480476 438
774 37101 710
775 402669 335
776 286113 476
777 215739 745
778 52453 219
779 332877 86
780 26772 59
781 317623 372
782 96685 485
783 383348 672
784 353156 320
785 399319 786
786 104233 22
787 66306 591
788 422179 51
789 364759 735
790 253869 433
791 424907 581
792 268524 335
793 212904 199
794 489436 178
795 437835 182
796 418952 209
797 357493 612
798 448482 791
799 189109 394
800 369178 392
801 38812 781
802 304122 164
803 333013 671
804 184604 702
805 201933 173
806 497904 74
807 11160 793
808 316543 29
809 103757 65
810 286198 380
811 322187 794
812 313404 351
813 253492 33
814 469578 639
815 96229 554
816 63733 709
817 344872 194
818 272863 208
819 110508 638
820 408362 669
821 412293 794
822 488338 667
823 189047 254
824 147518 434
825 127212 5
826 334397 117
827 155218 152
828 178136 154
829 458744 264
830 384016 515
831 2822 126
832 222719 551
833 331957 47
834 74636 383
835 469402 419
836 303963 151
837 421968 449
838 321501 302
839 129886 616
840 403820 572
841 435439 651
842 255554 618
843 418723 611
844 32073 91
845 97756 220
846 465144 442
847 380191 131
848 497329 664
849 199798 502
850 203671 766
851 87667 401
852 83600 435
853 316288 36
854 120651 303
855 406825 575
856 235977 472
857 279040 218
858 481979 332
859 425221 164
860 107934 5
861 462845 130
862 156259 280
863 260942 638
864 87890 789
865 241905 293
866 162645 362
867 315547 773
868 339208 646
869 167699 188
870 110714 212
871 682 126
872 449494 292
873 338222 523
874 493838 274
875 461877 596
876 319124 173
877 174851 723
878 284111 536
879 145324 147
880 429238 354
881 179914 382
882 249506 236
883 354481 615
884 160001 267
885 81277 581
886 113057 668
887 133758 360
888 361681 152
889 494024 781
890 251775 672
891 473644 254
892 396976 52
893 78987 48
894 133345 288
895 69441 664
896 144244 537
897 187171 108
898 293873 151
899 498816 53
900 63833 628
901 257294 446
902 178404 91
903 239442 654
904 379385 87
905 411957 219
906 222072 314
907 234764 354
908 66801 649
909 316487 152
910 54414 147
911 295434 681
912 184340 612
913 125113 207
914 24258 614
915 464792 283
916 236727 444
917 281334 488
918 129492 733
919 471570 329
920 303298 78
921 156390 680
922 318185 571
923 160770 756
924 221258 187
925 101484 11
926 412242 26
927 23388 120
928 395877 583
929 91148 502
930 305135 136
931 24579 741
932 294379 264
933 473347 666
934 359393 672
935 432749 118
936 361148 644
937 204414 692
938 12998 134
939 80671 385
940 375146 210
941 42634 109
942 111779 190
943 383971 775
944 230875 457
945 427791 272
946 63764 12
947 94226 723
948 290987 544
949 298367 374
950 28842 333
951 345776 269
952 352959 391
953 85676 143
954 448078 711
955 132919 300
956 381207 26
957 126966 706
958 274279 539
959 16994 90
960 18761 355
961 57517 339
962 446212 126
963 457020 96
964 235668 753
965 436636 188
966 2855 511
967 170853 365
968 365306 168
969 254477 82
970 471932 138
971 169314 197
972 79301 341
973 378830 281
974 323569 781
975 375086 626
976 373315 731
977 441207 157
978 117051 328
979 89431 629
980 169967 721
981 133582 469
982 324832 24
983 61342 788
984 110020 92
985 36228 620
986 203215 354
987 451445 743
988 1822 117
989 152448 676
990 242452 144
991 184074 687
992 492842 120
993 467999 34
994 56213 295
995 478966 631
996 83498 582
997 415356 101
998 466040 684
999 131174 699
