0 0 690
1 0 179
2 0 554
3 0 559
4 0 741
5 0 544
6 0 790
7 0 197
8 0 53
9 0 61
10 0 787
11 0 238
12 0 62
13 0 80
14 0 84
15 0 629
16 0 724
17 0 587
18 0 703
19 0 714
20 0 197
21 0 744
22 0 773
23 0 412
24 0 50
25 0 357
26 0 506
27 0 276
28 0 577
29 0 513
30 0 549
31 0 466
32 0 243
33 0 302
34 0 577
35 0 535
36 0 397
37 0 566
38 0 731
39 0 2
40 0 626
41 0 717
42 0 239
43 0 239
44 0 348
45 0 322
46 0 68
47 0 271
48 0 460
49 0 322
50 0 537
51 0 657
52 0 617
53 0 509
54 0 268
55 0 666
56 0 417
57 0 326
58 0 141
59 0 193
60 0 38
61 0 241
62 0 211
63 0 280
64 0 95
65 0 787
66 0 15
67 0 491
68 0 552
69 0 297
70 0 44
71 0 730
72 0 566
73 0 282
74 0 168
75 0 113
76 0 156
77 0 587
78 0 736
79 0 615
80 0 460
81 0 472
82 0 23
83 0 276
84 0 532
85 0 643
86 0 141
87 0 501
88 0 168
89 0 633
90 0 693
91 0 557
92 0 74
93 0 103
94 0 388
95 0 168
96 0 89
97 0 754
98 0 210
99 0 193
100 0 251
101 0 254
102 0 474
103 0 368
104 0 87
105 0 193
106 0 480
107 0 594
108 0 332
109 0 767
110 0 409
111 0 791
112 0 790
113 0 783
114 0 267
115 0 74
116 0 177
117 0 759
118 0 574
119 0 344
120 0 144
121 0 466
122 0 452
123 0 217
124 0 121
125 0 40
126 0 736
127 0 561
128 0 345
129 0 497
130 0 305
131 0 147
132 0 750
133 0 778
134 0 514
135 0 389
136 0 171
137 0 546
138 0 182
139 0 502
140 0 512
141 0 142
142 0 44
143 0 54
144 0 125
145 0 310
146 0 127
147 0 301
148 0 621
149 0 700
150 0 197
151 0 316
152 0 717
153 0 648
154 0 84
155 0 389
156 0 239
157 0 19
158 0 150
159 0 584
160 0 515
161 0 6
162 0 282
163 0 17
164 0 784
165 0 796
166 0 405
167 0 506
168 0 93
169 0 138
170 0 207
171 0 604
172 0 280
173 0 250
174 0 657
175 0 404
176 0 112
177 0 335
178 0 256
179 0 284
180 0 234
181 0 452
182 0 599
183 0 151
184 0 652
185 0 682
186 0 539
187 0 442
188 0 252
189 0 240
190 0 225
191 0 318
192 0 246
193 0 59
194 0 334
195 0 581
196 0 54
197 0 290
198 0 286
199 0 146
200 0 428
201 0 44
202 0 301
203 0 707
204 0 293
205 0 510
206 0 662
207 0 756
208 0 44
209 0 469
210 0 591
211 0 630
212 0 473
213 0 389
214 0 332
215 0 324
216 0 622
217 0 70
218 0 765
219 0 425
220 0 662
221 0 542
222 0 743
223 0 459
224 0 600
225 0 628
226 0 239
227 0 205
228 0 118
229 0 524
230 0 702
231 0 97
232 0 567
233 0 202
234 0 355
235 0 411
236 0 263
237 0 568
238 0 719
239 0 307
240 0 236
241 0 509
242 0 488
243 0 708
244 0 450
245 0 19
246 0 583
247 0 271
248 0 440
249 0 100
250 0 696
251 0 301
252 0 193
253 0 190
254 0 311
255 0 344
256 0 17
257 0 549
258 0 548
259 0 486
260 0 624
261 0 1
262 0 582
263 0 742
264 0 202
265 0 488
266 0 705
267 0 17
268 0 255
269 0 623
270 0 675
271 0 43
272 0 683
273 0 362
274 0 302
275 0 332
276 0 380
277 0 437
278 0 155
279 0 19
280 0 88
281 0 402
282 0 672
283 0 280
284 0 591
285 0 182
286 0 175
287 0 607
288 0 731
289 0 274
290 0 293
291 0 106
292 0 274
293 0 426
294 0 400
295 0 27
296 0 466
297 0 304
298 0 43
299 0 720
300 0 478
301 0 717
302 0 314
303 0 360
304 0 278
305 0 168
306 0 692
307 0 657
308 0 604
309 0 398
310 0 676
311 0 691
312 0 799
313 0 99
314 0 522
315 0 589
316 0 280
317 0 696
318 0 395
319 0 562
320 0 169
321 0 239
322 0 668
323 0 794
324 0 217
325 0 267
326 0 20
327 0 682
328 0 122
329 0 63
330 0 153
331 0 599
332 0 779
333 0 467
334 0 158
335 0 609
336 0 186
337 0 401
338 0 465
339 0 789
340 0 798
341 0 692
342 0 231
343 0 796
344 0 790
345 0 304
346 0 136
347 0 622
348 0 199
349 0 531
350 0 383
351 0 719
352 0 321
353 0 602
354 0 712
355 0 537
356 0 68
357 0 731
358 0 418
359 0 541
360 0 345
361 0 123
362 0 339
363 0 676
364 0 141
365 0 49
366 0 484
367 0 326
368 0 1
369 0 500
370 0 666
371 0 351
372 0 744
373 0 448
374 0 698
375 0 733
376 0 751
377 0 34
378 0 106
379 0 501
380 0 116
381 0 489
382 0 771
383 0 436
384 0 290
385 0 682
386 0 525
387 0 710
388 0 164
389 0 494
390 0 450
391 0 61
392 0 616
393 0 341
394 0 736
395 0 756
396 0 389
397 0 419
398 0 633
399 0 741
400 0 470
401 0 498
402 0 291
403 0 413
404 0 145
405 0 541
406 0 698
407 0 447
408 0 574
409 0 3
410 0 499
411 0 689
412 0 491
413 0 469
414 0 676
415 0 333
416 0 702
417 0 752
418 0 242
419 0 418
420 0 446
421 0 691
422 0 478
423 0 613
424 0 583
425 0 413
426 0 121
427 0 171
428 0 383
429 0 305
430 0 464
431 0 52
432 0 3
433 0 306
434 0 17
435 0 499
436 0 46
437 0 714
438 0 498
439 0 619
440 0 716
441 0 196
442 0 59
443 0 759
444 0 665
445 0 287
446 0 291
447 0 118
448 0 238
449 0 532
450 0 535
451 0 235
452 0 774
453 0 212
454 0 400
455 0 557
456 0 176
457 0 520
458 0 279
459 0 110
460 0 376
461 0 294
462 0 514
463 0 378
464 0 600
465 0 530
466 0 429
467 0 645
468 0 443
469 0 478
470 0 16
471 0 710
472 0 673
473 0 74
474 0 668
475 0 89
476 0 712
477 0 158
478 0 207
479 0 150
480 0 241
481 0 741
482 0 736
483 0 567
484 0 505
485 0 335
486 0 323
487 0 232
488 0 406
489 0 153
490 0 342
491 0 782
492 0 447
493 0 407
494 0 711
495 0 598
496 0 136
497 0 339
498 0 442
499 0 130
500 0 16
501 0 9
502 0 39
503 0 241
504 0 83
505 0 707
506 0 329
507 0 346
508 0 416
509 0 535
510 0 495
511 0 657
512 0 28
513 0 431
514 0 775
515 0 532
516 0 317
517 0 297
518 0 315
519 0 723
520 0 1
521 0 656
522 0 704
523 0 799
524 0 262
525 0 614
526 0 596
527 0 749
528 0 505
529 0 590
530 0 78
531 0 72
532 0 598
533 0 469
534 0 312
535 0 232
536 0 727
537 0 193
538 0 578
539 0 342
540 0 279
541 0 624
542 0 550
543 0 658
544 0 606
545 0 524
546 0 741
547 0 123
548 0 372
549 0 256
550 0 45
551 0 373
552 0 463
553 0 300
554 0 723
555 0 725
556 0 465
557 0 71
558 0 225
559 0 521
560 0 660
561 0 655
562 0 593
563 0 9
564 0 323
565 0 456
566 0 241
567 0 249
568 0 200
569 0 370
570 0 142
571 0 479
572 0 193
573 0 692
574 0 336
575 0 351
576 0 415
577 0 277
578 0 473
579 0 787
580 0 532
581 0 69
582 0 711
583 0 194
584 0 368
585 0 185
586 0 470
587 0 384
588 0 255
589 0 247
590 0 105
591 0 114
592 0 101
593 0 249
594 0 475
595 0 775
596 0 704
597 0 715
598 0 575
599 0 104
600 0 636
601 0 716
602 0 134
603 0 380
604 0 159
605 0 469
606 0 730
607 0 574
608 0 297
609 0 754
610 0 112
611 0 380
612 0 22
613 0 374
614 0 574
615 0 741
616 0 558
617 0 595
618 0 325
619 0 13
620 0 41
621 0 429
622 0 478
623 0 493
624 0 677
625 0 152
626 0 19
627 0 132
628 0 418
629 0 593
630 0 587
631 0 605
632 0 61
633 0 720
634 0 185
635 0 219
636 0 389
637 0 466
638 0 792
639 0 237
640 0 420
641 0 455
642 0 617
643 0 441
644 0 380
645 0 742
646 0 734
647 0 138
648 0 536
649 0 258
650 0 502
651 0 129
652 0 238
653 0 531
654 0 173
655 0 466
656 0 235
657 0 192
658 0 597
659 0 652
660 0 336
661 0 384
662 0 9
663 0 396
664 0 655
665 0 193
666 0 167
667 0 243
668 0 210
669 0 158
670 0 32
671 0 629
672 0 165
673 0 648
674 0 622
675 0 544
676 0 589
677 0 107
678 0 233
679 0 676
680 0 364
681 0 286
682 0 356
683 0 153
684 0 17
685 0 529
686 0 618
687 0 603
688 0 272
689 0 766
690 0 454
691 0 159
692 0 701
693 0 14
694 0 555
695 0 108
696 0 206
697 0 721
698 0 702
699 0 768
700 0 430
701 0 733
702 0 596
703 0 146
704 0 580
705 0 769
706 0 242
707 0 720
708 0 75
709 0 26
710 0 596
711 0 790
712 0 312
713 0 503
714 0 494
715 0 680
716 0 583
717 0 663
718 0 482
719 0 54
720 0 629
721 0 487
722 0 213
723 0 81
724 0 501
725 0 319
726 0 188
727 0 258
728 0 591
729 0 90
730 0 225
731 0 572
732 0 374
733 0 373
734 0 270
735 0 154
736 0 693
737 0 511
738 0 425
739 0 320
740 0 536
741 0 572
742 0 309
743 0 399
744 0 275
745 0 3
746 0 278
747 0 57
748 0 665
749 0 759
750 0 111
751 0 45
752 0 798
753 0 675
754 0 478
755 0 498
756 0 545
757 0 217
758 0 307
759 0 687
760 0 658
761 0 532
762 0 458
763 0 232
764 0 456
765 0 279
766 0 737
767 0 348
768 0 789
769 0 361
770 0 667
771 0 77
772 0 133
773 0 528
774 0 475
775 0 407
776 0 530
777 0 305
778 0 463
779 0 746
780 0 615
781 0 125
782 0 343
783 0 612
784 0 351
785 0 20
786 0 661
787 0 447
788 0 236
789 0 168
790 0 333
791 0 446
792 0 699
793 0 343
794 0 677
795 0 354
796 0 621
797 0 613
798 0 253
799 0 162
800 0 173
801 0 120
802 0 238
803 0 657
804 0 647
805 0 264
806 0 263
807 0 728
808 0 568
809 0 278
810 0 673
811 0 383
812 0 754
813 0 215
814 0 546
815 0 305
816 0 586
817 0 407
818 0 303
819 0 374
820 0 574
821 0 636
822 0 19
823 0 472
824 0 178
825 0 695
826 0 377
827 0 350
828 0 59
829 0 629
830 0 511
831 0 583
832 0 300
833 0 748
834 0 440
835 0 498
836 0 564
837 0 702
838 0 425
839 0 331
840 0 531
841 0 650
842 0 265
843 0 485
844 0 416
845 0 11
846 0 341
847 0 202
848 0 417
849 0 643
850 0 575
851 0 190
852 0 478
853 0 145
854 0 213
855 0 207
856 0 39
857 0 141
858 0 557
859 0 449
860 0 321
861 0 267
862 0 231
863 0 621
864 0 567
865 0 670
866 0 318
867 0 682
868 0 124
869 0 295
870 0 212
871 0 654
872 0 144
873 0 29
874 0 338
875 0 559
876 0 391
877 0 230
878 0 312
879 0 7
880 0 73
881 0 438
882 0 548
883 0 102
884 0 582
885 0 312
886 0 661
887 0 620
888 0 452
889 0 769
890 0 620
891 0 772
892 0 587
893 0 51
894 0 144
895 0 705
896 0 720
897 0 14
898 0 586
899 0 43
900 0 308
901 0 350
902 0 697
903 0 3
904 0 378
905 0 586
906 0 113
907 0 768
908 0 368
909 0 777
910 0 326
911 0 792
912 0 414
913 0 73
914 0 445
915 0 196
916 0 736
917 0 305
918 0 367
919 0 387
920 0 625
921 0 187
922 0 358
923 0 412
924 0 237
925 0 54
926 0 316
927 0 508
928 0 67
929 0 102
930 0 551
931 0 726
932 0 451
933 0 799
934 0 728
935 0 380
936 0 136
937 0 392
938 0 699
939 0 503
940 0 368
941 0 224
942 0 46
943 0 782
944 0 648
945 0 491
946 0 177
947 0 583
948 0 347
949 0 95
950 0 521
951 0 172
952 0 281
953 0 430
954 0 583
955 0 69
956 0 483
957 0 98
958 0 577
959 0 549
960 0 551
961 0 679
962 0 474
963 0 553
964 0 229
965 0 753
966 0 132
967 0 716
968 0 345
969 0 382
970 0 771
971 0 264
972 0 605
973 0 16
974 0 245
975 0 4
976 0 506
977 0 773
978 0 138
979 0 53
980 0 420
981 0 658
982 0 224
983 0 700
984 0 640
985 0 358
986 0 321
987 0 322
988 0 455
989 0 449
990 0 423
991 0 558
992 0 327
993 0 96
994 0 310
995 0 107
996 0 401
997 0 442
998 0 22
999 0 297
