0 0 118
1 0 736
2 0 346
3 0 437
4 0 679
5 0 692
6 0 58
7 0 530
8 0 154
9 0 95
10 0 85
11 0 413
12 0 482
13 0 746
14 0 466
15 0 188
16 0 761
17 0 203
18 0 524
19 0 22
20 0 429
21 0 486
22 0 24
23 0 470
24 0 85
25 0 306
26 0 578
27 0 338
28 0 466
29 0 528
30 0 517
31 0 135
32 0 16
33 0 63
34 0 572
35 0 694
36 0 306
37 0 181
38 0 775
39 0 11
40 0 627
41 0 59
42 0 423
43 0 308
44 0 4
45 0 89
46 0 48
47 0 316
48 0 643
49 0 123
50 0 337
51 0 623
52 0 608
53 0 713
54 0 292
55 0 244
56 0 218
57 0 69
58 0 133
59 0 235
60 0 149
61 0 650
62 0 721
63 0 516
64 0 712
65 0 44
66 0 761
67 0 569
68 0 224
69 0 735
70 0 131
71 0 51
72 0 793
73 0 105
74 0 710
75 0 348
76 0 193
77 0 309
78 0 215
79 0 387
80 0 431
81 0 551
82 0 209
83 0 590
84 0 463
85 0 500
86 0 33
87 0 232
88 0 121
89 0 166
90 0 18
91 0 269
92 0 367
93 0 739
94 0 336
95 0 630
96 0 782
97 0 296
98 0 398
99 0 558
100 0 230
101 0 80
102 0 160
103 0 574
104 0 184
105 0 421
106 0 473
107 0 729
108 0 730
109 0 687
110 0 315
111 0 712
112 0 789
113 0 524
114 0 54
115 0 4
116 0 575
117 0 438
118 0 235
119 0 695
120 0 603
121 0 605
122 0 515
123 0 521
124 0 543
125 0 50
126 0 350
127 0 76
128 0 697
129 0 299
130 0 633
131 0 478
132 0 378
133 0 344
134 0 251
135 0 114
136 0 765
137 0 275
138 0 42
139 0 694
140 0 161
141 0 356
142 0 157
143 0 502
144 0 431
145 0 210
146 0 505
147 0 558
148 0 648
149 0 291
150 0 4
151 0 2
152 0 95
153 0 519
154 0 523
155 0 189
156 0 120
157 0 424
158 0 265
159 0 369
160 0 723
161 0 449
162 0 46
163 0 652
164 0 793
165 0 649
166 0 765
167 0 309
168 0 123
169 0 6
170 0 554
171 0 636
172 0 714
173 0 710
174 0 337
175 0 696
176 0 472
177 0 393
178 0 453
179 0 319
180 0 683
181 0 457
182 0 672
183 0 330
184 0 527
185 0 394
186 0 518
187 0 198
188 0 18
189 0 334
190 0 566
191 0 292
192 0 335
193 0 612
194 0 143
195 0 679
196 0 12
197 0 460
198 0 187
199 0 134
200 0 17
201 0 292
202 0 321
203 0 730
204 0 201
205 0 657
206 0 626
207 0 224
208 0 601
209 0 630
210 0 542
211 0 36
212 0 286
213 0 414
214 0 365
215 0 12
216 0 359
217 0 434
218 0 562
219 0 728
220 0 768
221 0 327
222 0 219
223 0 654
224 0 490
225 0 714
226 0 532
227 0 501
228 0 725
229 0 718
230 0 635
231 0 741
232 0 209
233 0 155
234 0 671
235 0 761
236 0 364
237 0 48
238 0 185
239 0 516
240 0 677
241 0 278
242 0 551
243 0 515
244 0 243
245 0 115
246 0 526
247 0 602
248 0 101
249 0 639
250 0 529
251 0 420
252 0 166
253 0 300
254 0 273
255 0 655
256 0 565
257 0 4
258 0 708
259 0 489
260 0 273
261 0 542
262 0 429
263 0 33
264 0 248
265 0 651
266 0 345
267 0 163
268 0 698
269 0 529
270 0 679
271 0 575
272 0 359
273 0 429
274 0 289
275 0 601
276 0 96
277 0 366
278 0 754
279 0 548
280 0 205
281 0 483
282 0 167
283 0 722
284 0 334
285 0 439
286 0 128
287 0 98
288 0 794
289 0 35
290 0 138
291 0 266
292 0 128
293 0 566
294 0 298
295 0 728
296 0 417
297 0 194
298 0 90
299 0 314
300 0 723
301 0 320
302 0 440
303 0 633
304 0 301
305 0 280
306 0 433
307 0 748
308 0 198
309 0 387
310 0 495
311 0 754
312 0 421
313 0 661
314 0 675
315 0 306
316 0 651
317 0 2
318 0 755
319 0 644
320 0 389
321 0 92
322 0 461
323 0 516
324 0 657
325 0 310
326 0 443
327 0 625
328 0 503
329 0 85
330 0 491
331 0 777
332 0 404
333 0 130
334 0 609
335 0 256
336 0 762
337 0 594
338 0 203
339 0 159
340 0 532
341 0 697
342 0 112
343 0 504
344 0 109
345 0 338
346 0 9
347 0 311
348 0 691
349 0 763
350 0 154
351 0 279
352 0 54
353 0 166
354 0 795
355 0 262
356 0 475
357 0 789
358 0 87
359 0 178
360 0 73
361 0 577
362 0 154
363 0 29
364 0 258
365 0 315
366 0 284
367 0 571
368 0 460
369 0 487
370 0 729
371 0 191
372 0 735
373 0 392
374 0 694
375 0 396
376 0 729
377 0 254
378 0 706
379 0 620
380 0 216
381 0 412
382 0 450
383 0 621
384 0 577
385 0 796
386 0 82
387 0 252
388 0 785
389 0 520
390 0 781
391 0 409
392 0 648
393 0 486
394 0 437
395 0 106
396 0 800
397 0 273
398 0 228
399 0 459
400 0 759
401 0 157
402 0 201
403 0 245
404 0 100
405 0 446
406 0 192
407 0 381
408 0 699
409 0 98
410 0 552
411 0 466
412 0 509
413 0 201
414 0 286
415 0 285
416 0 197
417 0 720
418 0 88
419 0 533
420 0 791
421 0 68
422 0 141
423 0 639
424 0 554
425 0 130
426 0 296
427 0 105
428 0 402
429 0 523
430 0 564
431 0 712
432 0 231
433 0 316
434 0 508
435 0 331
436 0 762
437 0 700
438 0 711
439 0 660
440 0 797
441 0 462
442 0 326
443 0 57
444 0 214
445 0 163
446 0 693
447 0 410
448 0 434
449 0 781
450 0 494
451 0 425
452 0 400
453 0 635
454 0 263
455 0 153
456 0 764
457 0 558
458 0 610
459 0 717
460 0 632
461 0 373
462 0 628
463 0 63
464 0 240
465 0 335
466 0 745
467 0 201
468 0 234
469 0 655
470 0 61
471 0 582
472 0 668
473 0 738
474 0 638
475 0 81
476 0 452
477 0 83
478 0 43
479 0 86
480 0 415
481 0 536
482 0 62
483 0 14
484 0 722
485 0 324
486 0 519
487 0 237
488 0 433
489 0 328
490 0 153
491 0 264
492 0 252
493 0 780
494 0 678
495 0 491
496 0 667
497 0 622
498 0 692
499 0 452
500 0 28
501 0 304
502 0 234
503 0 247
504 0 593
505 0 423
506 0 680
507 0 244
508 0 505
509 0 722
510 0 681
511 0 119
512 0 9
513 0 742
514 0 485
515 0 283
516 0 617
517 0 203
518 0 519
519 0 249
520 0 530
521 0 672
522 0 65
523 0 333
524 0 203
525 0 742
526 0 23
527 0 421
528 0 564
529 0 266
530 0 73
531 0 143
532 0 569
533 0 306
534 0 390
535 0 361
536 0 728
537 0 269
538 0 157
539 0 785
540 0 542
541 0 37
542 0 103
543 0 550
544 0 779
545 0 587
546 0 32
547 0 595
548 0 341
549 0 103
550 0 396
551 0 70
552 0 326
553 0 460
554 0 754
555 0 80
556 0 753
557 0 777
558 0 501
559 0 68
560 0 242
561 0 573
562 0 211
563 0 363
564 0 430
565 0 600
566 0 723
567 0 357
568 0 68
569 0 79
570 0 693
571 0 609
572 0 468
573 0 796
574 0 710
575 0 446
576 0 134
577 0 294
578 0 592
579 0 475
580 0 396
581 0 539
582 0 96
583 0 721
584 0 550
585 0 50
586 0 352
587 0 503
588 0 378
589 0 52
590 0 570
591 0 171
592 0 624
593 0 780
594 0 533
595 0 605
596 0 579
597 0 8
598 0 162
599 0 198
600 0 86
601 0 406
602 0 6
603 0 105
604 0 401
605 0 268
606 0 102
607 0 87
608 0 561
609 0 694
610 0 113
611 0 508
612 0 784
613 0 560
614 0 780
615 0 534
616 0 161
617 0 331
618 0 236
619 0 538
620 0 383
621 0 357
622 0 261
623 0 558
624 0 337
625 0 793
626 0 363
627 0 467
628 0 800
629 0 76
630 0 665
631 0 438
632 0 481
633 0 222
634 0 94
635 0 434
636 0 489
637 0 196
638 0 72
639 0 249
640 0 89
641 0 184
642 0 308
643 0 424
644 0 743
645 0 287
646 0 157
647 0 104
648 0 618
649 0 392
650 0 193
651 0 200
652 0 301
653 0 453
654 0 309
655 0 637
656 0 798
657 0 671
658 0 303
659 0 349
660 0 298
661 0 519
662 0 338
663 0 779
664 0 741
665 0 432
666 0 412
667 0 781
668 0 627
669 0 483
670 0 582
671 0 267
672 0 218
673 0 89
674 0 690
675 0 512
676 0 376
677 0 399
678 0 615
679 0 545
680 0 342
681 0 360
682 0 744
683 0 642
684 0 364
685 0 604
686 0 478
687 0 713
688 0 475
689 0 333
690 0 614
691 0 772
692 0 403
693 0 151
694 0 302
695 0 695
696 0 134
697 0 265
698 0 676
699 0 312
700 0 747
701 0 9
702 0 130
703 0 516
704 0 449
705 0 20
706 0 228
707 0 24
708 0 418
709 0 394
710 0 568
711 0 311
712 0 305
713 0 63
714 0 153
715 0 669
716 0 667
717 0 630
718 0 133
719 0 693
720 0 514
721 0 746
722 0 216
723 0 117
724 0 449
725 0 518
726 0 363
727 0 582
728 0 782
729 0 590
730 0 446
731 0 281
732 0 598
733 0 575
734 0 796
735 0 247
736 0 146
737 0 575
738 0 622
739 0 115
740 0 169
741 0 742
742 0 426
743 0 473
744 0 356
745 0 578
746 0 693
747 0 574
748 0 759
749 0 26
750 0 466
751 0 473
752 0 323
753 0 234
754 0 141
755 0 771
756 0 751
757 0 55
758 0 105
759 0 284
760 0 645
761 0 550
762 0 564
763 0 442
764 0 676
765 0 112
766 0 240
767 0 22
768 0 238
769 0 414
770 0 136
771 0 406
772 0 355
773 0 561
774 0 431
775 0 710
776 0 690
777 0 675
778 0 36
779 0 649
780 0 700
781 0 501
782 0 673
783 0 223
784 0 734
785 0 365
786 0 545
787 0 236
788 0 419
789 0 201
790 0 520
791 0 263
792 0 750
793 0 635
794 0 257
795 0 178
796 0 298
797 0 48
798 0 199
799 0 88
800 0 461
801 0 686
802 0 493
803 0 367
804 0 799
805 0 475
806 0 629
807 0 688
808 0 350
809 0 664
810 0 88
811 0 601
812 0 716
813 0 760
814 0 375
815 0 202
816 0 676
817 0 120
818 0 437
819 0 295
820 0 320
821 0 508
822 0 109
823 0 622
824 0 695
825 0 717
826 0 799
827 0 544
828 0 317
829 0 549
830 0 631
831 0 777
832 0 786
833 0 324
834 0 696
835 0 784
836 0 350
837 0 524
838 0 224
839 0 699
840 0 739
841 0 311
842 0 52
843 0 654
844 0 271
845 0 426
846 0 55
847 0 146
848 0 545
849 0 44
850 0 792
851 0 417
852 0 551
853 0 453
854 0 590
855 0 445
856 0 369
857 0 588
858 0 189
859 0 685
860 0 688
861 0 19
862 0 214
863 0 673
864 0 694
865 0 109
866 0 209
867 0 596
868 0 184
869 0 432
870 0 46
871 0 122
872 0 742
873 0 97
874 0 327
875 0 564
876 0 523
877 0 382
878 0 262
879 0 267
880 0 425
881 0 605
882 0 235
883 0 527
884 0 257
885 0 24
886 0 524
887 0 626
888 0 163
889 0 264
890 0 62
891 0 50
892 0 282
893 0 627
894 0 275
895 0 528
896 0 287
897 0 483
898 0 323
899 0 22
900 0 114
901 0 368
902 0 143
903 0 407
904 0 465
905 0 22
906 0 171
907 0 539
908 0 755
909 0 784
910 0 5
911 0 731
912 0 588
913 0 592
914 0 457
915 0 45
916 0 615
917 0 180
918 0 222
919 0 778
920 0 443
921 0 635
922 0 379
923 0 277
924 0 462
925 0 653
926 0 356
927 0 748
928 0 335
929 0 230
930 0 770
931 0 800
932 0 149
933 0 464
934 0 407
935 0 613
936 0 37
937 0 129
938 0 351
939 0 791
940 0 112
941 0 708
942 0 721
943 0 699
944 0 51
945 0 730
946 0 295
947 0 665
948 0 109
949 0 516
950 0 194
951 0 104
952 0 351
953 0 125
954 0 732
955 0 364
956 0 777
957 0 287
958 0 663
959 0 664
960 0 68
961 0 184
962 0 215
963 0 216
964 0 648
965 0 621
966 0 29
967 0 684
968 0 749
969 0 731
970 0 227
971 0 60
972 0 190
973 0 147
974 0 311
975 0 592
976 0 76
977 0 605
978 0 457
979 0 537
980 0 673
981 0 202
982 0 192
983 0 223
984 0 326
985 0 123
986 0 138
987 0 655
988 0 761
989 0 800
990 0 70
991 0 28
992 0 184
993 0 284
994 0 243
995 0 383
996 0 457
997 0 623
998 0 618
999 0 405
