0 0 626
1 0 10
2 0 138
3 0 783
4 0 439
5 0 442
6 0 691
7 0 744
8 0 645
9 0 201
10 0 566
11 0 115
12 0 591
13 0 53
14 0 174
15 0 592
16 0 38
17 0 99
18 0 701
19 0 274
20 0 652
21 0 107
22 0 508
23 0 89
24 0 602
25 0 548
26 0 81
27 0 468
28 0 204
29 0 200
30 0 355
31 0 29
32 0 562
33 0 44
34 0 363
35 0 200
36 0 485
37 0 254
38 0 143
39 0 329
40 0 454
41 0 260
42 0 444
43 0 596
44 0 664
45 0 617
46 0 388
47 0 253
48 0 268
49 0 640
50 0 527
51 0 471
52 0 746
53 0 234
54 0 560
55 0 548
56 0 781
57 0 192
58 0 567
59 0 536
60 0 391
61 0 473
62 0 564
63 0 152
64 0 516
65 0 127
66 0 703
67 0 200
68 0 380
69 0 397
70 0 81
71 0 385
72 0 656
73 0 76
74 0 532
75 0 72
76 0 244
77 0 471
78 0 324
79 0 511
80 0 311
81 0 50
82 0 182
83 0 608
84 0 283
85 0 293
86 0 707
87 0 615
88 0 484
89 0 26
90 0 350
91 0 426
92 0 498
93 0 466
94 0 130
95 0 566
96 0 144
97 0 384
98 0 317
99 0 75
100 0 333
101 0 397
102 0 459
103 0 188
104 0 24
105 0 542
106 0 611
107 0 268
108 0 213
109 0 135
110 0 330
111 0 75
112 0 184
113 0 63
114 0 234
115 0 19
116 0 707
117 0 141
118 0 185
119 0 742
120 0 518
121 0 87
122 0 720
123 0 215
124 0 552
125 0 49
126 0 780
127 0 247
128 0 784
129 0 649
130 0 321
131 0 316
132 0 245
133 0 331
134 0 56
135 0 621
136 0 72
137 0 666
138 0 88
139 0 636
140 0 800
141 0 769
142 0 710
143 0 536
144 0 32
145 0 144
146 0 106
147 0 290
148 0 636
149 0 290
150 0 232
151 0 353
152 0 376
153 0 151
154 0 119
155 0 479
156 0 551
157 0 99
158 0 725
159 0 534
160 0 747
161 0 245
162 0 402
163 0 543
164 0 575
165 0 457
166 0 715
167 0 199
168 0 674
169 0 2
170 0 34
171 0 674
172 0 323
173 0 296
174 0 761
175 0 706
176 0 439
177 0 66
178 0 195
179 0 626
180 0 707
181 0 778
182 0 178
183 0 283
184 0 480
185 0 296
186 0 313
187 0 230
188 0 746
189 0 238
190 0 316
191 0 244
192 0 34
193 0 269
194 0 339
195 0 161
196 0 725
197 0 253
198 0 359
199 0 598
200 0 607
201 0 392
202 0 23
203 0 129
204 0 687
205 0 335
206 0 386
207 0 677
208 0 400
209 0 580
210 0 502
211 0 307
212 0 110
213 0 231
214 0 141
215 0 589
216 0 527
217 0 453
218 0 371
219 0 24
220 0 242
221 0 686
222 0 268
223 0 276
224 0 506
225 0 606
226 0 436
227 0 430
228 0 58
229 0 346
230 0 579
231 0 216
232 0 289
233 0 154
234 0 344
235 0 176
236 0 40
237 0 729
238 0 404
239 0 440
240 0 61
241 0 458
242 0 298
243 0 170
244 0 688
245 0 790
246 0 758
247 0 766
248 0 794
249 0 680
250 0 790
251 0 236
252 0 565
253 0 257
254 0 63
255 0 622
256 0 414
257 0 50
258 0 251
259 0 23
260 0 395
261 0 382
262 0 239
263 0 235
264 0 87
265 0 582
266 0 762
267 0 126
268 0 63
269 0 366
270 0 117
271 0 123
272 0 23
273 0 766
274 0 644
275 0 262
276 0 755
277 0 153
278 0 228
279 0 301
280 0 33
281 0 217
282 0 88
283 0 149
284 0 25
285 0 150
286 0 771
287 0 438
288 0 551
289 0 573
290 0 460
291 0 497
292 0 506
293 0 250
294 0 731
295 0 144
296 0 32
297 0 693
298 0 270
299 0 446
300 0 610
301 0 738
302 0 120
303 0 184
304 0 704
305 0 763
306 0 445
307 0 210
308 0 467
309 0 672
310 0 62
311 0 51
312 0 440
313 0 149
314 0 200
315 0 464
316 0 650
317 0 522
318 0 453
319 0 400
320 0 646
321 0 465
322 0 96
323 0 352
324 0 714
325 0 379
326 0 495
327 0 297
328 0 623
329 0 316
330 0 742
331 0 432
332 0 606
333 0 413
334 0 615
335 0 509
336 0 375
337 0 611
338 0 270
339 0 394
340 0 483
341 0 684
342 0 444
343 0 474
344 0 32
345 0 195
346 0 490
347 0 682
348 0 716
349 0 142
350 0 633
351 0 562
352 0 606
353 0 281
354 0 465
355 0 72
356 0 659
357 0 159
358 0 368
359 0 481
360 0 27
361 0 662
362 0 464
363 0 632
364 0 274
365 0 278
366 0 692
367 0 201
368 0 88
369 0 513
370 0 594
371 0 122
372 0 396
373 0 589
374 0 148
375 0 428
376 0 784
377 0 637
378 0 661
379 0 251
380 0 330
381 0 493
382 0 12
383 0 488
384 0 773
385 0 28
386 0 559
387 0 631
388 0 539
389 0 126
390 0 663
391 0 565
392 0 787
393 0 326
394 0 748
395 0 261
396 0 155
397 0 639
398 0 13
399 0 243
400 0 703
401 0 606
402 0 716
403 0 299
404 0 394
405 0 63
406 0 278
407 0 729
408 0 251
409 0 490
410 0 180
411 0 581
412 0 182
413 0 543
414 0 268
415 0 155
416 0 571
417 0 26
418 0 337
419 0 309
420 0 503
421 0 552
422 0 425
423 0 42
424 0 429
425 0 372
426 0 654
427 0 584
428 0 562
429 0 666
430 0 378
431 0 16
432 0 471
433 0 293
434 0 314
435 0 416
436 0 708
437 0 143
438 0 345
439 0 158
440 0 632
441 0 76
442 0 290
443 0 14
444 0 618
445 0 557
446 0 520
447 0 740
448 0 134
449 0 408
450 0 248
451 0 637
452 0 511
453 0 224
454 0 678
455 0 140
456 0 147
457 0 531
458 0 723
459 0 260
460 0 748
461 0 652
462 0 276
463 0 418
464 0 496
465 0 141
466 0 385
467 0 403
468 0 284
469 0 729
470 0 113
471 0 467
472 0 4
473 0 402
474 0 480
475 0 174
476 0 159
477 0 551
478 0 113
479 0 292
480 0 511
481 0 713
482 0 480
483 0 221
484 0 488
485 0 709
486 0 360
487 0 635
488 0 439
489 0 634
490 0 446
491 0 386
492 0 485
493 0 721
494 0 355
495 0 181
496 0 62
497 0 740
498 0 135
499 0 697
500 0 220
501 0 599
502 0 363
503 0 576
504 0 201
505 0 395
506 0 301
507 0 711
508 0 145
509 0 413
510 0 554
511 0 207
512 0 325
513 0 234
514 0 428
515 0 365
516 0 142
517 0 339
518 0 199
519 0 133
520 0 525
521 0 644
522 0 70
523 0 561
524 0 117
525 0 777
526 0 293
527 0 530
528 0 268
529 0 428
530 0 778
531 0 39
532 0 578
533 0 340
534 0 614
535 0 778
536 0 286
537 0 114
538 0 688
539 0 783
540 0 79
541 0 794
542 0 189
543 0 755
544 0 227
545 0 168
546 0 319
547 0 720
548 0 507
549 0 517
550 0 404
551 0 583
552 0 713
553 0 26
554 0 343
555 0 381
556 0 2
557 0 636
558 0 462
559 0 621
560 0 615
561 0 439
562 0 659
563 0 392
564 0 778
565 0 25
566 0 722
567 0 264
568 0 490
569 0 609
570 0 246
571 0 568
572 0 154
573 0 786
574 0 523
575 0 732
576 0 154
577 0 41
578 0 652
579 0 660
580 0 110
581 0 607
582 0 442
583 0 374
584 0 632
585 0 336
586 0 306
587 0 185
588 0 171
589 0 767
590 0 5
591 0 337
592 0 405
593 0 664
594 0 729
595 0 734
596 0 240
597 0 650
598 0 549
599 0 729
600 0 10
601 0 794
602 0 497
603 0 516
604 0 780
605 0 571
606 0 447
607 0 133
608 0 163
609 0 298
610 0 344
611 0 624
612 0 457
613 0 337
614 0 549
615 0 288
616 0 672
617 0 54
618 0 25
619 0 395
620 0 20
621 0 29
622 0 731
623 0 776
624 0 244
625 0 211
626 0 710
627 0 483
628 0 412
629 0 458
630 0 412
631 0 774
632 0 4
633 0 460
634 0 489
635 0 335
636 0 230
637 0 135
638 0 19
639 0 392
640 0 785
641 0 714
642 0 568
643 0 441
644 0 250
645 0 316
646 0 280
647 0 473
648 0 722
649 0 304
650 0 67
651 0 293
652 0 333
653 0 350
654 0 269
655 0 128
656 0 560
657 0 530
658 0 611
659 0 172
660 0 539
661 0 574
662 0 497
663 0 542
664 0 233
665 0 185
666 0 428
667 0 14
668 0 319
669 0 446
670 0 757
671 0 303
672 0 359
673 0 524
674 0 295
675 0 160
676 0 40
677 0 575
678 0 633
679 0 761
680 0 430
681 0 699
682 0 253
683 0 314
684 0 600
685 0 73
686 0 442
687 0 360
688 0 602
689 0 252
690 0 83
691 0 341
692 0 377
693 0 579
694 0 434
695 0 609
696 0 315
697 0 62
698 0 622
699 0 633
700 0 59
701 0 578
702 0 488
703 0 770
704 0 654
705 0 334
706 0 129
707 0 245
708 0 460
709 0 761
710 0 557
711 0 90
712 0 212
713 0 361
714 0 403
715 0 11
716 0 434
717 0 44
718 0 722
719 0 587
720 0 647
721 0 356
722 0 479
723 0 223
724 0 486
725 0 113
726 0 383
727 0 800
728 0 526
729 0 556
730 0 185
731 0 584
732 0 686
733 0 672
734 0 553
735 0 539
736 0 557
737 0 682
738 0 783
739 0 217
740 0 194
741 0 91
742 0 306
743 0 757
744 0 451
745 0 708
746 0 320
747 0 84
748 0 304
749 0 241
750 0 223
751 0 150
752 0 149
753 0 701
754 0 725
755 0 634
756 0 13
757 0 307
758 0 634
759 0 90
760 0 415
761 0 18
762 0 674
763 0 300
764 0 241
765 0 778
766 0 390
767 0 797
768 0 211
769 0 372
770 0 213
771 0 757
772 0 14
773 0 70
774 0 713
775 0 464
776 0 778
777 0 584
778 0 100
779 0 281
780 0 25
781 0 322
782 0 782
783 0 525
784 0 222
785 0 258
786 0 358
787 0 587
788 0 117
789 0 543
790 0 676
791 0 531
792 0 112
793 0 101
794 0 30
795 0 352
796 0 431
797 0 771
798 0 701
799 0 641
800 0 694
801 0 465
802 0 149
803 0 707
804 0 535
805 0 62
806 0 370
807 0 512
808 0 645
809 0 469
810 0 344
811 0 221
812 0 342
813 0 677
814 0 297
815 0 564
816 0 135
817 0 655
818 0 702
819 0 603
820 0 749
821 0 129
822 0 333
823 0 61
824 0 230
825 0 714
826 0 412
827 0 212
828 0 684
829 0 664
830 0 52
831 0 577
832 0 329
833 0 553
834 0 483
835 0 63
836 0 166
837 0 404
838 0 574
839 0 362
840 0 425
841 0 469
842 0 583
843 0 766
844 0 697
845 0 431
846 0 81
847 0 383
848 0 285
849 0 782
850 0 185
851 0 234
852 0 463
853 0 517
854 0 646
855 0 244
856 0 782
857 0 609
858 0 455
859 0 665
860 0 473
861 0 58
862 0 793
863 0 1
864 0 610
865 0 27
866 0 63
867 0 775
868 0 431
869 0 188
870 0 337
871 0 55
872 0 208
873 0 471
874 0 372
875 0 104
876 0 101
877 0 453
878 0 487
879 0 738
880 0 786
881 0 671
882 0 523
883 0 448
884 0 740
885 0 368
886 0 691
887 0 721
888 0 176
889 0 697
890 0 138
891 0 648
892 0 755
893 0 130
894 0 200
895 0 564
896 0 157
897 0 262
898 0 91
899 0 139
900 0 1
901 0 427
902 0 193
903 0 208
904 0 449
905 0 564
906 0 312
907 0 101
908 0 568
909 0 350
910 0 38
911 0 554
912 0 220
913 0 112
914 0 553
915 0 159
916 0 479
917 0 796
918 0 432
919 0 207
920 0 692
921 0 121
922 0 406
923 0 646
924 0 250
925 0 606
926 0 762
927 0 758
928 0 419
929 0 52
930 0 448
931 0 420
932 0 30
933 0 192
934 0 627
935 0 30
936 0 308
937 0 490
938 0 130
939 0 75
940 0 39
941 0 168
942 0 180
943 0 259
944 0 279
945 0 733
946 0 769
947 0 310
948 0 728
949 0 752
950 0 68
951 0 171
952 0 72
953 0 473
954 0 17
955 0 674
956 0 278
957 0 330
958 0 183
959 0 249
960 0 381
961 0 631
962 0 668
963 0 762
964 0 22
965 0 494
966 0 791
967 0 329
968 0 184
969 0 120
970 0 756
971 0 222
972 0 639
973 0 135
974 0 32
975 0 118
976 0 419
977 0 353
978 0 779
979 0 698
980 0 304
981 0 46
982 0 69
983 0 728
984 0 518
985 0 437
986 0 601
987 0 348
988 0 766
989 0 783
990 0 596
991 0 346
992 0 165
993 0 15
994 0 659
995 0 539
996 0 508
997 0 649
998 0 419
999 0 243
