0 36111 191
1 144559 106
2 395262 715
3 324856 792
4 484294 589
5 72859 145
6 413753 89
7 446070 532
8 388565 601
9 114446 406
10 239103 212
11 196803 228
12 307973 563
13 125353 677
14 327922 368
15 187757 130
16 361834 386
17 370699 317
18 238259 649
19 322037 357
20 20852 506
21 351793 49
22 273379 206
23 114757 264
24 58269 698
25 233260 404
26 113782 125
27 381838 17
28 357844 508
29 461674 793
30 309721 167
31 66151 184
32 14451 709
33 461356 403
34 165110 712
35 491616 546
36 210994 363
37 136919 563
38 157625 726
39 195374 477
40 497232 247
41 45971 636
42 391403 167
43 65474 610
44 451353 448
45 435013 749
46 209284 276
47 465335 717
48 470718 536
49 476446 644
50 259141 182
51 338143 64
52 327825 88
53 487212 664
54 243091 203
55 250401 540
56 143926 324
57 367690 373
58 240533 130
59 284576 717
60 493016 688
61 469314 742
62 253457 701
63 426036 602
64 394044 528
65 392708 83
66 386897 386
67 156024 5
68 238619 675
69 249229 38
70 342176 111
71 238386 431
72 296002 503
73 37783 29
74 71944 88
75 261126 760
76 74652 161
77 267261 41
78 181441 462
79 84988 498
80 112131 639
81 261375 450
82 257605 630
83 230103 601
84 76989 225
85 477934 485
86 495314 318
87 437971 673
88 355100 117
89 360556 555
90 314465 645
91 8357 83
92 352123 318
93 233578 419
94 485267 317
95 158106 519
96 345319 599
97 112779 283
98 353234 525
99 99148 36
100 354919 624
101 365740 636
102 326107 635
103 157902 64
104 295817 409
105 124604 59
106 156493 683
107 15751 162
108 424931 617
109 74884 530
110 100599 151
111 40301 192
112 168825 320
113 48843 281
114 12315 12
115 468634 345
116 257779 388
117 233821 327
118 170789 239
119 281446 524
120 426534 559
121 93240 4
122 55364 628
123 107995 544
124 374672 649
125 439550 32
126 448574 424
127 453894 652
128 132932 152
129 172162 691
130 183434 800
131 45186 797
132 7874 766
133 57803 160
134 203435 616
135 177973 403
136 278005 722
137 229348 366
138 412908 122
139 346369 96
140 52926 733
141 311908 321
142 282123 254
143 151604 203
144 284892 208
145 93007 568
146 480915 327
147 442243 146
148 466257 343
149 200157 48
150 355649 93
151 316013 84
152 198400 55
153 483375 114
154 431760 462
155 447945 498
156 148369 239
157 18891 654
158 25656 93
159 378252 449
160 10615 501
161 295227 60
162 142156 683
163 13024 223
164 253869 414
165 294457 735
166 140369 271
167 259524 423
168 204887 370
169 466430 53
170 121701 648
171 137686 329
172 190581 23
173 233266 130
174 359777 590
175 59490 319
176 99129 345
177 394627 670
178 124891 487
179 366051 4
180 153537 362
181 20983 510
182 287331 307
183 149028 61
184 56112 220
185 145218 611
186 62538 566
187 496939 505
188 472186 321
189 485709 606
190 341724 764
191 218708 752
192 432620 54
193 198491 88
194 53690 713
195 452625 544
196 225052 29
197 17486 9
198 270468 736
199 20954 115
200 298325 533
201 53449 126
202 481781 64
203 130335 789
204 280594 368
205 302283 46
206 177596 271
207 95875 192
208 167030 170
209 184081 768
210 375262 721
211 444300 259
212 126666 667
213 145401 188
214 144653 688
215 256419 309
216 365233 579
217 320194 270
218 360257 615
219 317334 130
220 82926 404
221 295873 418
222 156960 76
223 403444 102
224 202468 791
225 44710 678
226 256935 483
227 210748 212
228 467150 754
229 313440 150
230 55209 604
231 71134 261
232 396081 443
233 283809 481
234 374561 691
235 429894 344
236 237112 241
237 267067 520
238 150220 473
239 218062 464
240 290740 241
241 463122 725
242 268135 28
243 463980 271
244 46372 438
245 379793 174
246 379985 782
247 38376 80
248 374959 67
249 65108 138
250 456032 273
251 239712 603
252 237122 345
253 87216 380
254 193642 143
255 272735 31
256 100754 735
257 64761 658
258 426080 443
259 136879 295
260 338867 453
261 90385 673
262 303 453
263 11270 314
264 2 63
265 141135 379
266 87733 35
267 165530 400
268 403979 56
269 228549 747
270 74376 374
271 114708 485
272 253494 732
273 76725 622
274 240915 375
275 168378 5
276 246629 135
277 314986 364
278 420229 533
279 138547 209
280 418987 232
281 392618 35
282 193233 321
283 347927 549
284 310895 765
285 227538 29
286 110465 24
287 93106 647
288 38067 760
289 59885 232
290 399788 136
291 391469 264
292 487026 18
293 409701 57
294 65416 56
295 343839 601
296 360634 756
297 23827 458
298 294605 621
299 183784 555
300 480935 253
301 23476 123
302 269920 201
303 471711 135
304 302766 789
305 103323 397
306 259859 155
307 365323 393
308 217600 38
309 186845 177
310 355977 170
311 300124 285
312 283493 164
313 303183 753
314 212058 499
315 216303 569
316 398290 194
317 300745 580
318 372713 564
319 492551 457
320 320404 632
321 394385 227
322 123370 264
323 359853 61
324 67437 172
325 156692 299
326 93734 567
327 172729 17
328 280768 428
329 471677 714
330 479233 28
331 202172 781
332 444111 276
333 78438 519
334 291726 26
335 25008 590
336 183215 132
337 208746 547
338 211806 539
339 163909 152
340 131649 396
341 235361 154
342 293769 136
343 118962 92
344 400356 139
345 83717 593
346 294972 390
347 273464 642
348 305159 685
349 72261 704
350 422892 439
351 241721 470
352 33015 61
353 445398 420
354 51771 375
355 56769 60
356 462612 573
357 441508 132
358 216574 734
359 363623 23
360 183814 131
361 496519 141
362 265934 388
363 234223 384
364 121886 694
365 200683 85
366 420105 332
367 199943 5
368 425576 674
369 230647 542
370 287352 548
371 193471 569
372 112251 717
373 39049 580
374 228154 26
375 462107 274
376 366365 769
377 407107 227
378 244962 300
379 219745 83
380 480518 1
381 444331 781
382 379185 625
383 370097 275
384 305967 314
385 314812 297
386 420864 72
387 375987 284
388 159615 317
389 378293 190
390 334062 570
391 316089 402
392 315379 780
393 365431 350
394 397231 694
395 459894 377
396 21956 151
397 294726 226
398 64852 694
399 254958 24
400 298271 772
401 496843 171
402 78054 736
403 268603 31
404 320571 422
405 141790 50
406 20002 586
407 387765 632
408 213780 182
409 428427 397
410 354724 165
411 21466 322
412 308898 233
413 326878 193
414 497367 503
415 277274 237
416 151607 439
417 31125 518
418 163299 414
419 34 530
420 462978 672
421 171208 577
422 132407 133
423 334713 574
424 328521 141
425 489904 293
426 167813 398
427 108982 523
428 343914 265
429 383166 661
430 34048 482
431 136919 441
432 450909 408
433 448020 45
434 484125 610
435 114432 407
436 122582 256
437 462787 41
438 360966 591
439 133882 254
440 93345 240
441 421789 139
442 167860 360
443 270575 372
444 482983 575
445 369407 142
446 330534 232
447 219039 727
448 190722 644
449 412004 212
450 147818 1
451 154655 37
452 328429 1
453 41742 644
454 447648 148
455 427938 777
456 332114 194
457 318504 128
458 380498 775
459 28100 280
460 259173 634
461 396865 708
462 420185 108
463 371150 257
464 315667 61
465 318460 756
466 325943 638
467 266590 316
468 106910 325
469 392823 685
470 16661 159
471 111904 763
472 170489 776
473 365102 9
474 35840 141
475 447173 755
476 307062 614
477 384720 391
478 492646 400
479 370859 223
480 55377 667
481 320855 520
482 178787 74
483 84749 246
484 412130 98
485 356608 774
486 298335 344
487 310270 513
488 398920 25
489 52516 525
490 101279 713
491 246125 491
492 376432 694
493 168292 446
494 403068 280
495 210097 753
496 244823 398
497 388822 105
498 134750 411
499 225660 325
500 467497 33
501 8375 669
502 67132 233
503 251008 598
504 26722 453
505 433517 326
506 319567 2
507 52694 443
508 326840 800
509 81430 539
510 292842 661
511 237409 680
512 355184 67
513 477628 633
514 116156 687
515 69518 89
516 301908 6
517 365837 646
518 429242 241
519 351445 398
520 453074 765
521 100317 163
522 464604 642
523 484993 564
524 406702 245
525 54056 24
526 390655 697
527 253562 267
528 434050 240
529 252125 344
530 467183 159
531 166563 396
532 448592 293
533 138132 753
534 181949 235
535 350151 330
536 290891 625
537 424017 69
538 136184 649
539 79644 211
540 491786 487
541 258782 102
542 425167 42
543 128280 698
544 276240 370
545 442127 758
546 251104 576
547 28867 691
548 157442 497
549 77530 153
550 189281 544
551 490767 34
552 410854 526
553 268373 738
554 356499 639
555 106276 370
556 498070 286
557 230726 611
558 426459 390
559 315158 159
560 272115 652
561 478827 38
562 382327 20
563 222915 495
564 191046 570
565 411865 799
566 277183 681
567 393205 585
568 350121 390
569 251427 331
570 58651 222
571 54906 456
572 255466 275
573 29015 386
574 177343 326
575 400977 175
576 134163 212
577 5382 157
578 403850 492
579 72612 651
580 77800 50
581 24281 478
582 403462 584
583 59373 239
584 128120 784
585 476556 753
586 201208 372
587 259845 616
588 349800 227
589 171303 62
590 149387 744
591 9306 633
592 484788 351
593 300041 290
594 259339 640
595 16240 207
596 373483 340
597 208474 74
598 490711 146
599 46881 648
600 111352 432
601 305602 590
602 87604 561
603 301938 201
604 387013 605
605 480900 442
606 61874 401
607 336302 607
608 21247 263
609 451653 697
610 41702 587
611 134077 246
612 41118 786
613 208483 153
614 126751 630
615 167012 517
616 311505 504
617 67015 168
618 70767 263
619 352866 154
620 342195 181
621 10532 519
622 356677 70
623 467083 435
624 499530 325
625 174863 338
626 419334 785
627 489122 141
628 167844 454
629 492282 358
630 485673 197
631 32699 448
632 164614 731
633 228992 68
634 485020 182
635 209513 612
636 464681 16
637 247636 46
638 83231 559
639 199283 321
640 149809 363
641 156698 547
642 199438 344
643 29596 221
644 359777 84
645 161879 632
646 213878 651
647 175333 531
648 326997 445
649 146577 678
650 35240 371
651 155585 91
652 92487 723
653 321280 375
654 150646 519
655 274832 116
656 427413 8
657 385950 332
658 77351 453
659 10487 700
660 486482 330
661 298931 719
662 399648 713
663 111556 217
664 411294 599
665 71368 534
666 130575 487
667 462808 106
668 162879 663
669 415132 90
670 337356 278
671 146684 718
672 154200 771
673 407974 188
674 480886 704
675 201384 62
676 107179 521
677 200432 317
678 7284 780
679 266177 341
680 102825 179
681 381465 298
682 97203 601
683 472814 626
684 161066 435
685 122664 299
686 126967 24
687 279545 549
688 318335 368
689 29071 320
690 105980 374
691 299293 56
692 247123 712
693 252690 78
694 344417 9
695 189338 21
696 389117 395
697 213346 756
698 447781 273
699 295459 561
700 106811 48
701 123622 524
702 187471 179
703 31298 768
704 90686 560
705 337732 370
706 307176 219
707 442529 227
708 153103 253
709 325060 373
710 246792 274
711 477467 351
712 117906 262
713 154934 415
714 393326 440
715 207238 346
716 384868 138
717 250268 462
718 234028 692
719 110850 767
720 358287 268
721 54085 136
722 101961 664
723 236115 168
724 224539 217
725 285289 728
726 108278 484
727 139944 710
728 486275 137
729 324575 31
730 277975 402
731 396091 614
732 362674 796
733 284239 312
734 444277 256
735 470474 242
736 376376 165
737 484379 560
738 53878 738
739 266106 48
740 314374 18
741 266100 548
742 346856 253
743 165188 798
744 233627 684
745 229085 516
746 37929 756
747 207150 729
748 304239 156
749 46362 190
750 402831 517
751 67432 37
752 57748 360
753 290249 164
754 305010 427
755 406396 356
756 124102 186
757 58389 49
758 111245 112
759 336794 731
760 246045 426
761 389180 632
762 223759 775
763 217282 331
764 104072 351
765 309218 445
766 280481 56
767 318814 651
768 444814 182
769 466207 264
770 181770 225
771 385561 604
772 77804 274
773 309536 752
774 183881 250
775 50274 283
776 244914 327
777 230253 255
778 52137 226
779 29376 688
780 227531 562
781 212168 195
782 231597 365
783 378945 135
784 156398 764
785 458939 706
786 250460 121
787 176745 54
788 304804 265
789 17314 682
790 148964 238
791 434963 741
792 39747 631
793 395255 769
794 145455 237
795 280797 632
796 279578 540
797 430055 518
798 56651 328
799 236642 554
800 186858 602
801 83922 734
802 72786 519
803 265583 668
804 263301 791
805 382627 50
806 399541 266
807 322495 344
808 31863 89
809 47524 151
810 158734 520
811 83010 674
812 353990 265
813 498543 266
814 354770 595
815 156395 786
816 447118 381
817 495299 318
818 17337 258
819 430199 435
820 92835 639
821 192903 28
822 163122 377
823 448017 551
824 265852 586
825 388656 694
826 372919 139
827 411954 467
828 1084 62
829 170255 98
830 162034 207
831 430187 252
832 66968 706
833 161762 239
834 235424 306
835 364943 762
836 421140 260
837 336987 599
838 105948 263
839 295600 557
840 313250 154
841 329091 257
842 155923 570
843 429430 247
844 151543 560
845 45565 487
846 442689 331
847 455435 553
848 433942 410
849 110315 398
850 225510 567
851 13977 411
852 82161 252
853 230913 566
854 152321 462
855 92614 466
856 227122 324
857 184444 459
858 179104 198
859 72756 276
860 229913 600
861 176929 274
862 126778 155
863 214963 365
864 265913 721
865 230087 31
866 349593 225
867 138075 417
868 111381 555
869 152567 541
870 428206 56
871 261978 383
872 183240 481
873 71077 376
874 76650 297
875 225695 186
876 311210 516
877 11869 578
878 51341 389
879 15061 433
880 84815 8
881 325031 701
882 21916 9
883 366162 259
884 381150 51
885 429705 330
886 280263 557
887 481036 36
888 170810 656
889 358551 466
890 228650 613
891 103079 600
892 19576 662
893 494201 549
894 358133 70
895 420876 463
896 287114 101
897 393708 660
898 241717 232
899 458681 223
900 311303 469
901 448576 739
902 112773 368
903 71422 366
904 14430 737
905 63748 727
906 46925 682
907 299294 781
908 298128 454
909 170122 248
910 319110 614
911 148265 600
912 369610 625
913 431607 374
914 318195 129
915 250548 689
916 311378 700
917 237418 725
918 145089 153
919 240440 393
920 271518 321
921 418953 541
922 3720 396
923 417648 200
924 44446 602
925 7166 124
926 211474 709
927 486133 233
928 197405 285
929 192412 493
930 340733 402
931 161452 113
932 158437 112
933 92615 471
934 240414 327
935 479398 256
936 153596 286
937 363080 752
938 149302 69
939 491869 282
940 417556 150
941 73657 637
942 154468 231
943 210114 143
944 10235 674
945 383826 480
946 378191 569
947 19431 31
948 476852 181
949 372859 48
950 461454 468
951 245552 258
952 266961 203
953 305071 185
954 438417 264
955 126364 493
956 312328 774
957 485003 23
958 276164 749
959 335022 271
960 130349 352
961 170071 1
962 313183 93
963 94225 704
964 317902 436
965 7302 685
966 319341 509
967 443463 407
968 394191 255
969 35270 87
970 78178 609
971 204934 35
972 361656 108
973 390007 338
974 401407 574
975 456924 230
976 476582 109
977 89353 597
978 316499 166
979 96152 379
980 150662 354
981 446461 608
982 389013 756
983 89010 677
984 171162 357
985 148517 633
986 302266 542
987 156200 652
988 59740 276
989 334448 608
990 287589 349
991 25608 173
992 418368 524
993 70288 562
994 298539 20
995 418324 41
996 286247 754
997 451909 339
998 287414 414
999 7521 472
