0 428347 129
1 345078 765
2 436716 404
3 432614 273
4 376853 91
5 467703 434
6 319558 471
7 464104 636
8 307080 213
9 192798 487
10 44090 758
11 454037 769
12 221179 161
13 153235 645
14 336199 583
15 76710 679
16 287394 547
17 490550 541
18 383212 111
19 53000 317
20 335949 66
21 447735 256
22 323290 660
23 83271 192
24 434277 323
25 28280 70
26 271589 769
27 139680 270
28 58865 322
29 72103 116
30 232345 665
31 175963 14
32 103305 92
33 276553 114
34 122381 119
35 262935 306
36 382960 283
37 146541 272
38 155214 203
39 369325 213
40 22233 693
41 84212 358
42 412626 224
43 302944 693
44 33159 292
45 382908 648
46 40212 258
47 317948 472
48 241736 318
49 130035 455
50 456759 118
51 338799 172
52 119994 521
53 78674 541
54 215152 9
55 381052 800
56 361956 586
57 47560 17
58 221860 535
59 262426 105
60 225551 621
61 53229 87
62 220557 516
63 425633 330
64 498383 694
65 326410 21
66 464991 296
67 327567 762
68 166901 538
69 392898 642
70 354241 6
71 152142 703
72 271919 198
73 23484 504
74 66559 180
75 265151 311
76 447596 464
77 90578 333
78 222262 506
79 146798 212
80 88232 198
81 208492 761
82 187473 776
83 187265 60
84 442301 775
85 269131 164
86 386817 543
87 29091 474
88 137328 337
89 168868 576
90 354837 689
91 12351 420
92 268752 386
93 3290 530
94 135493 167
95 244363 41
96 172352 78
97 309652 57
98 488915 626
99 230551 470
100 109784 17
101 244110 35
102 437308 603
103 155338 755
104 358481 589
105 311228 207
106 274578 520
107 48456 380
108 442861 483
109 67048 100
110 234539 307
111 334783 212
112 280619 45
113 283069 788
114 174057 736
115 217103 374
116 46007 642
117 296795 767
118 267120 468
119 90656 487
120 309044 2
121 355272 637
122 241816 423
123 159656 530
124 488180 230
125 295735 305
126 54468 672
127 162315 119
128 291305 688
129 104622 138
130 491710 115
131 281908 479
132 315644 470
133 53737 304
134 63541 365
135 224717 746
136 78981 587
137 472560 791
138 71 350
139 38178 218
140 375273 604
141 243674 314
142 480783 142
143 281181 391
144 384079 442
145 270155 556
146 240233 590
147 429858 416
148 163471 678
149 154993 748
150 177044 613
151 99598 512
152 476053 27
153 93175 512
154 220728 477
155 497079 507
156 497971 354
157 42095 754
158 163095 708
159 283548 77
160 241783 775
161 422963 456
162 138471 418
163 54246 375
164 385473 343
165 28954 441
166 105303 119
167 318544 106
168 233416 557
169 90184 72
170 92129 97
171 82849 64
172 328016 502
173 101560 497
174 480924 713
175 38286 309
176 455163 309
177 204725 3
178 363128 387
179 428280 572
180 484563 602
181 327471 788
182 118492 267
183 187574 768
184 90439 261
185 338756 159
186 365021 521
187 305373 358
188 79254 591
189 216854 534
190 292041 531
191 299238 293
192 265446 358
193 389895 316
194 295639 575
195 393528 577
196 291763 203
197 386421 200
198 383367 208
199 294867 748
200 368106 559
201 205430 376
202 104284 680
203 475221 405
204 417737 691
205 276421 76
206 463568 532
207 6040 12
208 112327 215
209 373941 736
210 214111 319
211 220872 270
212 4820 627
213 448833 94
214 197641 540
215 411049 53
216 410027 500
217 347930 481
218 127284 265
219 230554 753
220 31579 574
221 287504 576
222 115339 748
223 240514 297
224 205832 467
225 168336 408
226 414628 296
227 458522 409
228 12854 249
229 340340 508
230 183760 96
231 308946 190
232 367869 540
233 140803 77
234 496380 306
235 72879 159
236 394685 761
237 39459 736
238 186632 425
239 254042 326
240 427132 17
241 345111 779
242 311587 161
243 277561 786
244 260045 442
245 51288 654
246 385642 606
247 70296 587
248 49814 265
249 281369 701
250 98810 596
251 90507 649
252 230984 696
253 19872 367
254 426292 17
255 326432 315
256 212645 177
257 227889 696
258 24233 585
259 381377 651
260 156055 279
261 228083 666
262 325603 98
263 311561 780
264 25831 218
265 437964 132
266 463531 642
267 134489 472
268 174790 116
269 128483 762
270 444627 283
271 470858 516
272 159163 473
273 197856 348
274 220549 197
275 467674 34
276 28250 605
277 434654 110
278 26840 254
279 245623 616
280 355498 673
281 193665 740
282 228411 631
283 29897 155
284 498867 2
285 20635 782
286 129648 296
287 100767 646
288 206593 12
289 472207 577
290 394209 295
291 336451 234
292 168342 413
293 309017 706
294 33672 784
295 264207 593
296 270932 724
297 224553 625
298 318731 144
299 418896 403
300 429183 799
301 261093 684
302 463728 433
303 347643 614
304 193189 274
305 130168 204
306 292436 551
307 42562 572
308 254076 780
309 172314 381
310 422572 549
311 209623 74
312 427097 705
313 209199 577
314 204979 581
315 79779 448
316 100330 115
317 209346 425
318 235437 412
319 267084 543
320 409545 627
321 32377 5
322 396575 382
323 179112 92
324 442871 604
325 471104 579
326 320651 197
327 91652 728
328 114904 102
329 26281 53
330 461651 236
331 3101 13
332 479637 735
333 158745 449
334 302142 675
335 160053 230
336 355786 488
337 430020 783
338 300073 362
339 419365 334
340 493263 98
341 141093 70
342 71196 316
343 94368 746
344 49949 53
345 55039 650
346 243062 754
347 106287 542
348 286941 652
349 454125 233
350 207213 284
351 317122 131
352 339312 600
353 331713 743
354 372627 187
355 398683 231
356 174251 644
357 196158 129
358 288873 648
359 464252 479
360 427527 776
361 383128 444
362 93784 542
363 442344 616
364 270799 278
365 2512 471
366 43352 765
367 73716 435
368 83129 266
369 38403 630
370 189211 109
371 354351 639
372 25918 263
373 125261 462
374 373739 392
375 169966 714
376 125157 20
377 4560 647
378 58861 94
379 132371 506
380 359727 413
381 340377 484
382 470870 232
383 318448 494
384 335874 400
385 26107 52
386 326641 286
387 388547 12
388 463672 560
389 183703 561
390 119674 613
391 155031 422
392 439468 384
393 496476 744
394 139200 282
395 360694 48
396 280083 80
397 434711 624
398 131516 554
399 321304 360
400 126363 543
401 8827 564
402 260574 557
403 321916 127
404 443886 600
405 78011 372
406 391992 713
407 341095 595
408 441689 613
409 362494 773
410 482771 443
411 112521 341
412 456963 7
413 30159 385
414 333096 32
415 88573 264
416 231579 260
417 428815 153
418 43830 154
419 232752 684
420 289054 69
421 100333 716
422 92861 600
423 45211 629
424 295352 504
425 148145 58
426 179949 77
427 73682 219
428 340603 113
429 258095 195
430 488009 100
431 149510 621
432 476772 389
433 211742 726
434 361761 155
435 57375 47
436 304314 416
437 364566 109
438 99136 376
439 448078 531
440 350187 442
441 205317 224
442 389594 538
443 183401 152
444 415545 598
445 420248 250
446 320869 356
447 139495 159
448 164435 395
449 350948 390
450 328436 597
451 193364 324
452 66031 303
453 46277 683
454 412 721
455 92361 309
456 123283 553
457 397089 431
458 109381 78
459 243074 43
460 71043 480
461 461186 475
462 249432 714
463 205907 682
464 468271 621
465 456416 56
466 481531 260
467 462161 533
468 240415 715
469 245434 791
470 35498 28
471 107779 548
472 184529 735
473 188011 421
474 134415 664
475 351542 239
476 127112 659
477 113723 281
478 429761 98
479 323117 431
480 392838 785
481 243795 686
482 462018 322
483 454635 709
484 263451 386
485 475964 71
486 70569 102
487 490435 97
488 137668 700
489 65362 48
490 142237 436
491 10246 457
492 262336 550
493 162246 770
494 459952 450
495 139186 116
496 297601 791
497 243511 582
498 121642 772
499 11108 99
500 430920 294
501 200394 673
502 103520 691
503 256589 431
504 385629 390
505 29624 704
506 271559 667
507 297215 671
508 180192 648
509 258696 615
510 493881 145
511 492934 283
512 297216 283
513 83805 798
514 483647 459
515 303951 514
516 98338 169
517 416058 698
518 211527 259
519 459399 200
520 43654 709
521 141374 225
522 45246 14
523 365460 543
524 430756 639
525 365582 509
526 38391 190
527 232472 469
528 144017 408
529 270817 630
530 443895 466
531 58585 369
532 111817 634
533 260443 244
534 179994 146
535 436853 644
536 225219 449
537 55213 181
538 49522 418
539 12256 226
540 77533 631
541 437619 591
542 285411 277
543 467883 44
544 19073 181
545 89797 653
546 346172 569
547 21553 383
548 123025 391
549 297687 397
550 18191 172
551 43019 493
552 345472 211
553 30228 633
554 51609 595
555 391624 437
556 469378 344
557 261419 797
558 32039 390
559 200570 56
560 707 265
561 30432 768
562 455102 33
563 321222 338
564 350334 80
565 413851 510
566 369801 78
567 128288 423
568 71455 75
569 126620 469
570 233704 217
571 268559 198
572 380193 235
573 474224 732
574 308338 585
575 496049 747
576 497865 598
577 188629 434
578 111171 168
579 47447 252
580 128760 258
581 362734 51
582 450872 515
583 246540 175
584 182242 280
585 178096 361
586 424109 299
587 151733 256
588 9338 655
589 249239 710
590 333455 77
591 143074 489
592 304473 473
593 300640 504
594 357907 445
595 409853 440
596 342089 268
597 17933 589
598 296314 514
599 347993 474
600 153986 158
601 427207 490
602 489096 496
603 398750 93
604 237601 36
605 316111 342
606 425981 209
607 435081 338
608 323593 55
609 162451 74
610 132864 701
611 184519 305
612 361244 554
613 284266 54
614 483278 760
615 152468 612
616 174700 465
617 215360 476
618 174968 598
619 178584 63
620 311155 570
621 499978 648
622 486585 337
623 467590 212
624 203484 131
625 8030 794
626 218698 349
627 327653 550
628 411354 295
629 253853 272
630 293235 234
631 48249 722
632 2349 736
633 148084 410
634 410423 518
635 106238 621
636 354068 779
637 458714 169
638 73979 206
639 183535 258
640 105402 216
641 146515 366
642 400466 453
643 436747 121
644 135144 174
645 222806 201
646 113274 380
647 412666 656
648 51017 424
649 292940 752
650 403771 193
651 215723 331
652 38099 592
653 131196 390
654 149798 79
655 422246 684
656 39000 2
657 95653 762
658 75634 620
659 283992 401
660 239353 379
661 139157 751
662 310557 628
663 484602 624
664 128926 327
665 355719 295
666 209424 251
667 339593 595
668 278583 324
669 375954 743
670 318225 383
671 183583 153
672 383313 427
673 329397 389
674 327989 548
675 186077 590
676 152891 495
677 452673 787
678 409762 249
679 341375 476
680 247521 641
681 104090 647
682 317592 146
683 220821 37
684 447178 176
685 40909 328
686 427679 604
687 138981 45
688 36433 145
689 302644 731
690 98119 775
691 464468 722
692 330308 611
693 230811 342
694 370768 71
695 295110 539
696 318336 690
697 91586 354
698 375589 729
699 248455 408
700 425534 720
701 120874 566
702 30209 414
703 196910 657
704 260938 595
705 463768 355
706 488275 659
707 126420 589
708 378081 536
709 75005 784
710 462121 402
711 383490 69
712 318373 458
713 432737 230
714 303836 715
715 49433 394
716 486910 124
717 115288 708
718 446515 672
719 116466 199
720 311752 255
721 82864 587
722 57527 381
723 151315 485
724 82868 761
725 217162 274
726 145493 542
727 358151 205
728 108433 667
729 174180 489
730 488433 623
731 190697 766
732 426624 144
733 8815 386
734 134536 341
735 96946 34
736 254571 241
737 279020 611
738 405446 99
739 264059 289
740 189361 667
741 66008 422
742 114577 455
743 298720 160
744 231399 612
745 167985 453
746 245569 634
747 211528 283
748 181019 194
749 45333 696
750 394680 708
751 294548 680
752 338441 453
753 477702 321
754 36608 689
755 248554 162
756 239334 370
757 77175 515
758 271425 665
759 93275 248
760 397851 426
761 239010 13
762 136294 221
763 315614 139
764 203586 66
765 165573 500
766 35931 667
767 247518 474
768 66393 325
769 134612 774
770 483334 155
771 361675 320
772 230433 622
773 109285 452
774 347450 260
775 21036 513
776 496524 503
777 388722 47
778 226936 371
779 482835 689
780 114340 123
781 45141 409
782 124881 224
783 57347 212
784 50584 428
785 326981 313
786 124183 672
787 305644 209
788 143859 217
789 372827 530
790 133841 111
791 252964 264
792 170261 318
793 295887 439
794 395079 399
795 344072 323
796 443483 620
797 192394 766
798 214577 717
799 292343 494
800 490757 714
801 331784 477
802 340685 541
803 469557 629
804 68709 97
805 8558 337
806 252600 503
807 365619 723
808 419561 462
809 336411 259
810 472933 241
811 340411 37
812 102401 417
813 1132 358
814 315250 531
815 114844 229
816 445504 409
817 420948 581
818 116761 142
819 319790 458
820 265594 671
821 420725 349
822 106223 147
823 473759 745
824 480555 537
825 373128 572
826 7007 689
827 369904 292
828 279048 609
829 442739 189
830 197216 251
831 433010 336
832 36915 674
833 461614 712
834 293520 77
835 355499 605
836 126105 715
837 110012 225
838 78920 681
839 290816 573
840 410295 276
841 12963 745
842 393835 503
843 43062 20
844 302960 436
845 299885 554
846 76088 177
847 159249 97
848 119559 557
849 283032 417
850 434972 280
851 488546 484
852 431107 630
853 326109 159
854 182330 781
855 85855 126
856 297221 626
857 26279 772
858 30742 657
859 396643 543
860 87847 103
861 350231 530
862 445777 737
863 293292 233
864 163048 89
865 494767 677
866 263912 774
867 191802 114
868 81872 172
869 237751 665
870 151189 555
871 389532 760
872 471482 412
873 155819 612
874 1505 625
875 352279 16
876 265344 106
877 285993 111
878 228342 274
879 309161 438
880 188313 544
881 22116 281
882 303594 578
883 179949 671
884 264534 219
885 182372 101
886 274011 77
887 396839 257
888 20420 694
889 247718 211
890 137825 678
891 143982 350
892 318859 322
893 163346 376
894 25612 354
895 487648 60
896 309140 679
897 198855 517
898 256387 287
899 30904 757
900 329209 474
901 485701 29
902 317885 21
903 348714 141
904 467903 258
905 392934 785
906 229133 129
907 41602 118
908 483244 345
909 144249 149
910 193808 410
911 255487 699
912 158014 101
913 148386 295
914 365851 354
915 484379 91
916 408918 661
917 314632 481
918 352621 756
919 97812 147
920 292482 525
921 442604 348
922 44016 16
923 102311 207
924 189155 413
925 68821 162
926 394811 116
927 418615 661
928 311355 378
929 499931 602
930 246291 759
931 404970 311
932 454390 362
933 431069 403
934 382949 164
935 160239 82
936 35980 232
937 213399 445
938 103402 349
939 156313 63
940 94975 110
941 208224 335
942 65795 187
943 58964 792
944 210192 703
945 87060 48
946 59557 36
947 160749 31
948 211632 700
949 370015 619
950 137051 534
951 286365 655
952 149450 233
953 285732 117
954 348178 54
955 78114 446
956 183532 755
957 449292 740
958 429530 528
959 142829 257
960 83503 76
961 145262 642
962 238271 213
963 189712 412
964 397829 656
965 77189 528
966 106333 34
967 240617 707
968 396022 137
969 24989 750
970 484747 553
971 203706 704
972 405794 280
973 433958 200
974 177607 478
975 24104 340
976 339380 664
977 436875 567
978 475378 404
979 60258 540
980 219018 760
981 440792 200
982 33705 105
983 113840 610
984 224111 128
985 206632 782
986 274636 59
987 393489 739
988 79689 432
989 48460 248
990 420586 50
991 51112 565
992 241930 319
993 370321 340
994 163631 61
995 123220 532
996 100731 250
997 240705 365
998 261774 389
999 96868 146
