0 0 405
1 0 475
2 0 491
3 0 95
4 0 499
5 0 384
6 0 756
7 0 677
8 0 767
9 0 586
10 0 719
11 0 772
12 0 423
13 0 185
14 0 510
15 0 344
16 0 402
17 0 690
18 0 339
19 0 182
20 0 365
21 0 249
22 0 601
23 0 623
24 0 616
25 0 360
26 0 311
27 0 784
28 0 750
29 0 322
30 0 689
31 0 706
32 0 796
33 0 380
34 0 352
35 0 494
36 0 315
37 0 307
38 0 723
39 0 633
40 0 93
41 0 641
42 0 604
43 0 67
44 0 26
45 0 665
46 0 762
47 0 779
48 0 554
49 0 652
50 0 161
51 0 118
52 0 100
53 0 313
54 0 292
55 0 267
56 0 672
57 0 155
58 0 250
59 0 622
60 0 476
61 0 491
62 0 79
63 0 472
64 0 422
65 0 431
66 0 517
67 0 736
68 0 737
69 0 791
70 0 568
71 0 381
72 0 184
73 0 723
74 0 447
75 0 561
76 0 588
77 0 760
78 0 539
79 0 341
80 0 611
81 0 699
82 0 11
83 0 710
84 0 212
85 0 654
86 0 528
87 0 435
88 0 8
89 0 778
90 0 608
91 0 484
92 0 20
93 0 687
94 0 507
95 0 441
96 0 317
97 0 575
98 0 376
99 0 605
100 0 566
101 0 495
102 0 186
103 0 301
104 0 417
105 0 184
106 0 61
107 0 204
108 0 144
109 0 599
110 0 97
111 0 754
112 0 498
113 0 107
114 0 216
115 0 261
116 0 312
117 0 743
118 0 247
119 0 672
120 0 272
121 0 55
122 0 707
123 0 291
124 0 293
125 0 413
126 0 283
127 0 609
128 0 539
129 0 210
130 0 765
131 0 656
132 0 704
133 0 150
134 0 156
135 0 321
136 0 334
137 0 216
138 0 524
139 0 29
140 0 15
141 0 620
142 0 334
143 0 64
144 0 278
145 0 549
146 0 676
147 0 142
148 0 44
149 0 474
150 0 13
151 0 667
152 0 528
153 0 719
154 0 158
155 0 20
156 0 683
157 0 792
158 0 180
159 0 421
160 0 202
161 0 497
162 0 629
163 0 105
164 0 646
165 0 784
166 0 425
167 0 531
168 0 552
169 0 501
170 0 111
171 0 118
172 0 672
173 0 445
174 0 533
175 0 502
176 0 545
177 0 408
178 0 643
179 0 588
180 0 81
181 0 207
182 0 455
183 0 161
184 0 125
185 0 164
186 0 532
187 0 359
188 0 155
189 0 264
190 0 779
191 0 708
192 0 760
193 0 607
194 0 13
195 0 157
196 0 143
197 0 789
198 0 688
199 0 694
200 0 489
201 0 798
202 0 11
203 0 713
204 0 794
205 0 543
206 0 414
207 0 539
208 0 502
209 0 608
210 0 678
211 0 134
212 0 14
213 0 332
214 0 294
215 0 490
216 0 47
217 0 378
218 0 48
219 0 554
220 0 641
221 0 378
222 0 461
223 0 152
224 0 537
225 0 25
226 0 308
227 0 679
228 0 14
229 0 547
230 0 124
231 0 54
232 0 97
233 0 486
234 0 318
235 0 90
236 0 580
237 0 283
238 0 180
239 0 633
240 0 90
241 0 58
242 0 766
243 0 455
244 0 741
245 0 612
246 0 144
247 0 788
248 0 541
249 0 543
250 0 93
251 0 381
252 0 473
253 0 553
254 0 84
255 0 209
256 0 130
257 0 391
258 0 439
259 0 143
260 0 138
261 0 114
262 0 548
263 0 586
264 0 599
265 0 418
266 0 675
267 0 730
268 0 700
269 0 55
270 0 562
271 0 790
272 0 464
273 0 79
274 0 796
275 0 404
276 0 690
277 0 492
278 0 391
279 0 430
280 0 234
281 0 483
282 0 362
283 0 706
284 0 588
285 0 445
286 0 466
287 0 717
288 0 388
289 0 104
290 0 411
291 0 77
292 0 569
293 0 510
294 0 662
295 0 367
296 0 127
297 0 88
298 0 296
299 0 27
300 0 142
301 0 409
302 0 368
303 0 605
304 0 488
305 0 363
306 0 561
307 0 377
308 0 54
309 0 503
310 0 359
311 0 640
312 0 186
313 0 272
314 0 97
315 0 325
316 0 269
317 0 115
318 0 593
319 0 656
320 0 570
321 0 203
322 0 284
323 0 339
324 0 712
325 0 145
326 0 705
327 0 391
328 0 584
329 0 553
330 0 417
331 0 726
332 0 513
333 0 336
334 0 82
335 0 200
336 0 698
337 0 642
338 0 129
339 0 304
340 0 345
341 0 39
342 0 495
343 0 82
344 0 310
345 0 591
346 0 758
347 0 578
348 0 257
349 0 550
350 0 785
351 0 27
352 0 304
353 0 268
354 0 365
355 0 567
356 0 764
357 0 621
358 0 157
359 0 548
360 0 725
361 0 573
362 0 25
363 0 438
364 0 108
365 0 458
366 0 189
367 0 358
368 0 652
369 0 317
370 0 213
371 0 548
372 0 355
373 0 707
374 0 181
375 0 217
376 0 49
377 0 138
378 0 346
379 0 306
380 0 239
381 0 331
382 0 684
383 0 542
384 0 150
385 0 248
386 0 308
387 0 466
388 0 420
389 0 17
390 0 213
391 0 697
392 0 589
393 0 589
394 0 334
395 0 249
396 0 598
397 0 74
398 0 158
399 0 449
400 0 391
401 0 370
402 0 196
403 0 297
404 0 276
405 0 728
406 0 513
407 0 676
408 0 417
409 0 411
410 0 181
411 0 655
412 0 741
413 0 64
414 0 748
415 0 442
416 0 663
417 0 608
418 0 107
419 0 283
420 0 624
421 0 671
422 0 531
423 0 764
424 0 11
425 0 416
426 0 564
427 0 609
428 0 489
429 0 721
430 0 257
431 0 431
432 0 642
433 0 5
434 0 728
435 0 469
436 0 732
437 0 792
438 0 345
439 0 701
440 0 402
441 0 77
442 0 555
443 0 694
444 0 141
445 0 55
446 0 336
447 0 355
448 0 662
449 0 794
450 0 189
451 0 37
452 0 665
453 0 719
454 0 800
455 0 227
456 0 334
457 0 564
458 0 35
459 0 23
460 0 36
461 0 292
462 0 5
463 0 230
464 0 648
465 0 732
466 0 698
467 0 131
468 0 276
469 0 242
470 0 31
471 0 229
472 0 319
473 0 138
474 0 475
475 0 11
476 0 192
477 0 362
478 0 717
479 0 405
480 0 355
481 0 106
482 0 441
483 0 571
484 0 24
485 0 792
486 0 798
487 0 710
488 0 107
489 0 32
490 0 284
491 0 143
492 0 675
493 0 288
494 0 724
495 0 74
496 0 572
497 0 621
498 0 205
499 0 399
500 0 415
501 0 587
502 0 627
503 0 285
504 0 724
505 0 653
506 0 647
507 0 467
508 0 214
509 0 563
510 0 71
511 0 569
512 0 668
513 0 63
514 0 691
515 0 244
516 0 55
517 0 240
518 0 153
519 0 513
520 0 272
521 0 788
522 0 655
523 0 498
524 0 275
525 0 130
526 0 572
527 0 46
528 0 751
529 0 328
530 0 444
531 0 717
532 0 114
533 0 623
534 0 201
535 0 390
536 0 475
537 0 47
538 0 56
539 0 689
540 0 161
541 0 479
542 0 9
543 0 29
544 0 93
545 0 251
546 0 624
547 0 147
548 0 491
549 0 328
550 0 660
551 0 314
552 0 315
553 0 66
554 0 11
555 0 589
556 0 548
557 0 134
558 0 187
559 0 498
560 0 461
561 0 630
562 0 414
563 0 127
564 0 4
565 0 166
566 0 516
567 0 479
568 0 564
569 0 571
570 0 719
571 0 724
572 0 601
573 0 279
574 0 304
575 0 694
576 0 81
577 0 127
578 0 392
579 0 571
580 0 6
581 0 603
582 0 84
583 0 320
584 0 221
585 0 447
586 0 109
587 0 768
588 0 132
589 0 295
590 0 17
591 0 593
592 0 476
593 0 430
594 0 719
595 0 480
596 0 147
597 0 786
598 0 510
599 0 710
600 0 556
601 0 780
602 0 185
603 0 709
604 0 610
605 0 41
606 0 602
607 0 690
608 0 167
609 0 193
610 0 461
611 0 525
612 0 796
613 0 96
614 0 44
615 0 216
616 0 94
617 0 152
618 0 535
619 0 226
620 0 798
621 0 551
622 0 370
623 0 26
624 0 532
625 0 288
626 0 57
627 0 678
628 0 625
629 0 566
630 0 139
631 0 732
632 0 97
633 0 675
634 0 640
635 0 706
636 0 715
637 0 441
638 0 595
639 0 434
640 0 186
641 0 607
642 0 158
643 0 533
644 0 703
645 0 201
646 0 300
647 0 348
648 0 705
649 0 34
650 0 573
651 0 254
652 0 584
653 0 142
654 0 279
655 0 315
656 0 781
657 0 335
658 0 544
659 0 605
660 0 452
661 0 682
662 0 537
663 0 548
664 0 556
665 0 376
666 0 453
667 0 23
668 0 369
669 0 248
670 0 456
671 0 554
672 0 406
673 0 613
674 0 286
675 0 308
676 0 365
677 0 585
678 0 208
679 0 269
680 0 618
681 0 780
682 0 523
683 0 753
684 0 122
685 0 353
686 0 267
687 0 454
688 0 240
689 0 362
690 0 259
691 0 691
692 0 243
693 0 347
694 0 439
695 0 350
696 0 722
697 0 443
698 0 372
699 0 642
700 0 242
701 0 379
702 0 395
703 0 648
704 0 543
705 0 232
706 0 155
707 0 108
708 0 368
709 0 714
710 0 728
711 0 537
712 0 694
713 0 450
714 0 489
715 0 367
716 0 355
717 0 307
718 0 20
719 0 594
720 0 668
721 0 630
722 0 484
723 0 462
724 0 176
725 0 474
726 0 12
727 0 450
728 0 117
729 0 735
730 0 291
731 0 358
732 0 666
733 0 238
734 0 205
735 0 408
736 0 469
737 0 712
738 0 515
739 0 37
740 0 625
741 0 443
742 0 573
743 0 70
744 0 444
745 0 614
746 0 436
747 0 350
748 0 120
749 0 456
750 0 143
751 0 340
752 0 637
753 0 179
754 0 1
755 0 13
756 0 652
757 0 364
758 0 462
759 0 320
760 0 651
761 0 752
762 0 230
763 0 516
764 0 189
765 0 434
766 0 123
767 0 210
768 0 697
769 0 190
770 0 598
771 0 74
772 0 184
773 0 370
774 0 143
775 0 179
776 0 535
777 0 579
778 0 529
779 0 655
780 0 586
781 0 223
782 0 546
783 0 422
784 0 753
785 0 546
786 0 786
787 0 157
788 0 110
789 0 447
790 0 476
791 0 760
792 0 751
793 0 705
794 0 27
795 0 491
796 0 691
797 0 501
798 0 252
799 0 139
800 0 690
801 0 49
802 0 212
803 0 425
804 0 771
805 0 355
806 0 156
807 0 505
808 0 485
809 0 236
810 0 711
811 0 622
812 0 458
813 0 456
814 0 595
815 0 411
816 0 202
817 0 581
818 0 567
819 0 663
820 0 579
821 0 594
822 0 174
823 0 81
824 0 51
825 0 200
826 0 124
827 0 741
828 0 252
829 0 375
830 0 79
831 0 494
832 0 424
833 0 643
834 0 118
835 0 394
836 0 197
837 0 273
838 0 98
839 0 233
840 0 508
841 0 361
842 0 54
843 0 518
844 0 16
845 0 648
846 0 480
847 0 569
848 0 780
849 0 246
850 0 783
851 0 559
852 0 391
853 0 156
854 0 191
855 0 441
856 0 707
857 0 314
858 0 733
859 0 159
860 0 689
861 0 12
862 0 652
863 0 312
864 0 206
865 0 321
866 0 257
867 0 402
868 0 146
869 0 706
870 0 186
871 0 653
872 0 266
873 0 239
874 0 722
875 0 282
876 0 438
877 0 401
878 0 402
879 0 418
880 0 198
881 0 385
882 0 528
883 0 589
884 0 92
885 0 718
886 0 581
887 0 799
888 0 584
889 0 514
890 0 509
891 0 472
892 0 77
893 0 712
894 0 335
895 0 282
896 0 232
897 0 591
898 0 235
899 0 377
900 0 48
901 0 420
902 0 582
903 0 314
904 0 210
905 0 55
906 0 147
907 0 647
908 0 456
909 0 548
910 0 616
911 0 205
912 0 484
913 0 695
914 0 793
915 0 576
916 0 165
917 0 126
918 0 126
919 0 748
920 0 639
921 0 186
922 0 419
923 0 267
924 0 97
925 0 305
926 0 548
927 0 680
928 0 447
929 0 334
930 0 257
931 0 494
932 0 305
933 0 390
934 0 7
935 0 514
936 0 444
937 0 505
938 0 712
939 0 451
940 0 253
941 0 528
942 0 656
943 0 288
944 0 774
945 0 200
946 0 415
947 0 138
948 0 325
949 0 540
950 0 85
951 0 515
952 0 277
953 0 55
954 0 781
955 0 373
956 0 711
957 0 80
958 0 605
959 0 357
960 0 765
961 0 413
962 0 403
963 0 269
964 0 2
965 0 409
966 0 782
967 0 797
968 0 114
969 0 694
970 0 448
971 0 718
972 0 773
973 0 303
974 0 205
975 0 746
976 0 502
977 0 172
978 0 436
979 0 379
980 0 711
981 0 520
982 0 93
983 0 540
984 0 127
985 0 426
986 0 112
987 0 37
988 0 57
989 0 268
990 0 746
991 0 22
992 0 680
993 0 348
994 0 290
995 0 681
996 0 308
997 0 272
998 0 678
999 0 773
