0 118 23
1 133 53
2 120 37
3 128 43
4 114 12
5 70 69
6 108 49
7 85 88
8 51 79
9 40 92
10 134 70
11 115 82
12 36 28
13 84 62
14 48 52
15 73 77
16 130 69
17 4 9
18 3 51
19 61 84
20 103 18
21 67 84
22 71 14
23 93 3
24 95 75
25 93 36
26 16 33
27 9 9
28 122 6
29 6 96
30 71 23
31 141 82
32 141 52
33 53 48
34 30 45
35 111 16
36 148 86
37 50 80
38 83 22
39 47 94
40 29 80
41 11 91
42 101 46
43 0 23
44 68 74
45 145 59
46 91 42
47 145 87
48 34 34
49 129 99
50 65 17
51 54 92
52 22 17
53 139 5
54 0 8
55 36 38
56 27 80
57 126 50
58 74 79
59 103 80
60 139 43
61 85 100
62 137 82
63 66 81
64 31 24
65 40 96
66 38 97
67 114 47
68 2 13
69 120 55
70 43 53
71 83 59
72 8 23
73 101 13
74 43 33
75 126 57
76 107 33
77 15 62
78 142 46
79 18 32
80 29 26
81 21 61
82 106 18
83 30 39
84 142 62
85 13 3
86 110 88
87 59 50
88 111 69
89 102 63
90 19 5
91 88 79
92 140 27
93 123 55
94 87 35
95 109 93
96 4 69
97 138 33
98 70 64
99 24 21
