0 115 24
1 39 27
2 81 66
3 38 88
4 90 83
5 73 62
6 130 9
7 40 4
8 11 41
9 105 75
10 11 44
11 81 61
12 87 54
13 95 70
14 63 10
15 132 91
16 16 81
17 95 72
18 111 49
19 82 36
20 98 2
21 61 56
22 60 80
23 119 2
24 77 22
25 65 27
26 38 41
27 44 97
28 18 26
29 136 42
30 82 82
31 63 19
32 42 49
33 46 11
34 95 54
35 106 80
36 36 94
37 24 20
38 20 98
39 70 44
40 21 100
41 140 36
42 34 60
43 87 35
44 75 55
45 87 24
46 94 8
47 8 1
48 60 37
49 41 5
50 85 8
51 100 48
52 118 23
53 121 78
54 72 39
55 39 42
56 79 95
57 3 30
58 115 66
59 119 43
60 66 44
61 100 7
62 108 61
63 48 59
64 65 69
65 127 90
66 138 51
67 24 80
68 6 7
69 146 96
70 89 30
71 23 86
72 65 19
73 33 29
74 71 31
75 123 3
76 110 38
77 49 77
78 136 19
79 138 98
80 88 54
81 104 66
82 94 27
83 84 81
84 26 54
85 82 81
86 115 18
87 35 58
88 85 33
89 113 19
90 122 57
91 45 89
92 114 33
93 52 47
94 145 4
95 106 41
96 57 34
97 9 13
98 143 54
99 56 44
