5
0 111 65
1 90 35
2 130 47
3 8 61
4 79 73
5 126 76
6 136 10
7 50 10
8 93 71
9 95 40
10 22 96
11 128 47
12 147 3
13 4 61
14 97 31
15 46 94
16 77 59
17 107 39
18 49 11
19 82 66
20 141 81
21 141 59
22 119 80
23 49 42
24 83 14
25 8 97
26 45 56
27 9 89
28 98 45
29 74 64
30 107 97
31 6 74
32 61 37
33 46 64
34 131 63
35 95 29
36 88 75
37 53 37
38 30 59
39 23 3
40 50 64
41 68 32
42 121 46
43 39 28
44 142 21
45 18 17
46 39 100
47 36 75
48 40 53
49 67 83
50 113 24
51 97 63
52 0 2
53 11 51
54 102 81
55 45 35
56 117 3
57 0 66
58 144 90
59 61 90
60 107 88
61 86 82
62 57 99
63 51 75
64 9 98
65 20 71
66 84 73
67 75 18
68 19 35
69 17 90
70 23 24
71 78 15
72 130 94
73 34 79
74 117 77
75 13 48
76 128 78
77 25 3
78 78 36
79 35 27
80 148 38
81 111 58
82 127 33
83 69 40
84 78 47
85 20 39
86 4 4
87 98 49
88 78 85
89 63 83
90 31 98
91 74 77
92 130 10
93 97 51
94 78 12
95 48 35
96 141 78
97 61 63
98 53 71
99 69 81
