Program:	Arrival Time:	Service Time:	Start Time:	Finish Time:	Turnaround:	NTurnaround:	Waiting:	
0		36111		191		36111		36302		191		1		0
1		144559		106		144559		144665		106		1		0
2		395262		715		402063		402778		7516		10.5119		6801
3		324856		792		330172		330964		6108		7.71212		5316
4		484294		589		487647		488236		3942		6.6927		3353
5		72859		145		73389		73534		675		4.65517		530
6		413753		89		413753		413842		89		1		0
7		446070		532		446285		446817		747		1.40414		215
8		388565		601		388565		389166		601		1		0
9		114446		406		115329		115735		1289		3.17488		883
10		239103		212		239622		239834		731		3.44811		519
11		196803		228		196803		197031		228		1		0
12		307973		563		308089		308652		679		1.20604		116
13		125353		677		125378		126055		702		1.03693		25
14		327922		368		327978		328346		424		1.15217		56
15		187757		130		187803		187933		176		1.35385		46
16		361834		386		362381		362767		933		2.4171		547
17		370699		317		371139		371456		757		2.38801		440
18		238259		649		238973		239622		1363		2.10015		714
19		322037		357		322968		323325		1288		3.60784		931
20		20852		506		20852		21358		506		1		0
21		351793		49		351843		351892		99		2.02041		50
22		273379		206		273379		273585		206		1		0
23		114757		264		115065		115329		572		2.16667		308
24		58269		698		58970		59668		1399		2.0043		701
25		233260		404		234658		235062		1802		4.4604		1398
26		113782		125		114223		114348		566		4.528		441
27		381838		17		381890		381907		69		4.05882		52
28		357844		508		358038		358546		702		1.38189		194
29		461674		793		462501		463294		1620		2.04288		827
30		309721		167		310015		310182		461		2.76048		294
31		66151		184		66223		66407		256		1.3913		72
32		14451		709		14544		15253		802		1.13117		93
33		461356		403		461356		461759		403		1		0
34		165110		712		165257		165969		859		1.20646		147
35		491616		546		491616		492162		546		1		0
36		210994		363		211289		211652		658		1.81267		295
37		136919		563		137615		138178		1259		2.23623		696
38		157625		726		164531		165257		7632		10.5124		6906
39		195374		477		195374		195851		477		1		0
40		497232		247		497519		497766		534		2.16194		287
41		45971		636		46213		46849		878		1.3805		242
42		391403		167		392027		392194		791		4.73653		624
43		65474		610		65613		66223		749		1.22787		139
44		451353		448		452279		452727		1374		3.06696		926
45		435013		749		435704		436453		1440		1.92256		691
46		209284		276		209293		209569		285		1.03261		9
47		465335		717		465615		466332		997		1.39052		280
48		470718		536		470718		471254		536		1		0
49		476446		644		476446		477090		644		1		0
50		259141		182		259141		259323		182		1		0
51		338143		64		338288		338352		209		3.26562		145
52		327825		88		327890		327978		153		1.73864		65
53		487212		664		488842		489506		2294		3.45482		1630
54		243091		203		243723		243926		835		4.1133		632
55		250401		540		250851		251391		990		1.83333		450
56		143926		324		143926		144250		324		1		0
57		367690		373		368086		368459		769		2.06166		396
58		240533		130		240764		240894		361		2.77692		231
59		284576		717		284602		285319		743		1.03626		26
60		493016		688		494146		494834		1818		2.64244		1130
61		469314		742		469443		470185		871		1.17385		129
62		253457		701		254688		255389		1932		2.75606		1231
63		426036		602		427664		428266		2230		3.70432		1628
64		394044		528		394839		395367		1323		2.50568		795
65		392708		83		393249		393332		624		7.51807		541
66		386897		386		386897		387283		386		1		0
67		156024		5		156438		156443		419		83.8		414
68		238619		675		241662		242337		3718		5.50815		3043
69		249229		38		249229		249267		38		1		0
70		342176		111		342488		342599		423		3.81081		312
71		238386		431		238542		238973		587		1.36195		156
72		296002		503		296695		297198		1196		2.37773		693
73		37783		29		37783		37812		29		1		0
74		71944		88		72116		72204		260		2.95455		172
75		261126		760		262624		263384		2258		2.97105		1498
76		74652		161		74966		75127		475		2.95031		314
77		267261		41		267344		267385		124		3.02439		83
78		181441		462		181441		181903		462		1		0
79		84988		498		85410		85908		920		1.84739		422
80		112131		639		113584		114223		2092		3.27387		1453
81		261375		450		261791		262241		866		1.92444		416
82		257605		630		257605		258235		630		1		0
83		230103		601		232605		233206		3103		5.16306		2502
84		76989		225		77032		77257		268		1.19111		43
85		477934		485		478484		478969		1035		2.13402		550
86		495314		318		495701		496019		705		2.21698		387
87		437971		673		437971		438644		673		1		0
88		355100		117		355551		355668		568		4.8547		451
89		360556		555		361127		361682		1126		2.02883		571
90		314465		645		316670		317315		2850		4.4186		2205
91		8357		83		8542		8625		268		3.22892		185
92		352123		318		352123		352441		318		1		0
93		233578		419		235062		235481		1903		4.54177		1484
94		485267		317		485500		485817		550		1.73502		233
95		158106		519		158608		159127		1021		1.96724		502
96		345319		599		345319		345918		599		1		0
97		112779		283		112933		113216		437		1.54417		154
98		353234		525		353234		353759		525		1		0
99		99148		36		99474		99510		362		10.0556		326
100		354919		624		355761		356385		1466		2.34936		842
101		365740		636		367450		368086		2346		3.68868		1710
102		326107		635		326617		327252		1145		1.80315		510
103		157902		64		157935		157999		97		1.51562		33
104		295817		409		295868		296277		460		1.12469		51
105		124604		59		124604		124663		59		1		0
106		156493		683		160616		161299		4806		7.0366		4123
107		15751		162		16423		16585		834		5.14815		672
108		424931		617		424931		425548		617		1		0
109		74884		530		75501		76031		1147		2.16415		617
110		100599		151		100599		100750		151		1		0
111		40301		192		40736		40928		627		3.26562		435
112		168825		320		168946		169266		441		1.37813		121
113		48843		281		48958		49239		396		1.40925		115
114		12315		12		12524		12536		221		18.4167		209
115		468634		345		469098		469443		809		2.34493		464
116		257779		388		258235		258623		844		2.17526		456
117		233821		327		233947		234274		453		1.38532		126
118		170789		239		171277		171516		727		3.04184		488
119		281446		524		281486		282010		564		1.07634		40
120		426534		559		427097		427656		1122		2.00716		563
121		93240		4		93676		93680		440		110		436
122		55364		628		56496		57124		1760		2.80255		1132
123		107995		544		107995		108539		544		1		0
124		374672		649		375319		375968		1296		1.99692		647
125		439550		32		439550		439582		32		1		0
126		448574		424		449063		449487		913		2.1533		489
127		453894		652		453968		454620		726		1.1135		74
128		132932		152		132932		133084		152		1		0
129		172162		691		173185		173876		1714		2.48046		1023
130		183434		800		185991		186791		3357		4.19625		2557
131		45186		797		49239		50036		4850		6.08532		4053
132		7874		766		16951		17717		9843		12.8499		9077
133		57803		160		58179		58339		536		3.35		376
134		203435		616		203744		204360		925		1.50162		309
135		177973		403		178003		178406		433		1.07444		30
136		278005		722		278603		279325		1320		1.82825		598
137		229348		366		229364		229730		382		1.04372		16
138		412908		122		413555		413677		769		6.30328		647
139		346369		96		346369		346465		96		1		0
140		52926		733		53610		54343		1417		1.93315		684
141		311908		321		311916		312237		329		1.02492		8
142		282123		254		282567		282821		698		2.74803		444
143		151604		203		151814		152017		413		2.03448		210
144		284892		208		285319		285527		635		3.05288		427
145		93007		568		94958		95526		2519		4.43486		1951
146		480915		327		481943		482270		1355		4.14373		1028
147		442243		146		442885		443031		788		5.39726		642
148		466257		343		466649		466992		735		2.14286		392
149		200157		48		200157		200205		48		1		0
150		355649		93		355668		355761		112		1.2043		19
151		316013		84		316018		316102		89		1.05952		5
152		198400		55		198400		198455		55		1		0
153		483375		114		483558		483672		297		2.60526		183
154		431760		462		432237		432699		939		2.03247		477
155		447945		498		448272		448770		825		1.65663		327
156		148369		239		148865		149104		735		3.07531		496
157		18891		654		18891		19545		654		1		0
158		25656		93		25781		25874		218		2.34409		125
159		378252		449		379085		379534		1282		2.85523		833
160		10615		501		11131		11632		1017		2.02994		516
161		295227		60		295418		295478		251		4.18333		191
162		142156		683		142156		142839		683		1		0
163		13024		223		13210		13433		409		1.83408		186
164		253869		414		254274		254688		819		1.97826		405
165		294457		735		294457		295192		735		1		0
166		140369		271		140654		140925		556		2.05166		285
167		259524		423		260112		260535		1011		2.39007		588
168		204887		370		204887		205257		370		1		0
169		466430		53		466596		466649		219		4.13208		166
170		121701		648		121701		122349		648		1		0
171		137686		329		138178		138507		821		2.49544		492
172		190581		23		190581		190604		23		1		0
173		233266		130		233817		233947		681		5.23846		551
174		359777		590		359922		360512		735		1.24576		145
175		59490		319		60415		60734		1244		3.89969		925
176		99129		345		99129		99474		345		1		0
177		394627		670		396027		396697		2070		3.08955		1400
178		124891		487		124891		125378		487		1		0
179		366051		4		366215		366219		168		42		164
180		153537		362		153998		154360		823		2.27348		461
181		20983		510		22218		22728		1745		3.42157		1235
182		287331		307		287331		287638		307		1		0
183		149028		61		149104		149165		137		2.2459		76
184		56112		220		56276		56496		384		1.74545		164
185		145218		611		145931		146542		1324		2.16694		713
186		62538		566		62538		63104		566		1		0
187		496939		505		497014		497519		580		1.14851		75
188		472186		321		472526		472847		661		2.05919		340
189		485709		606		488236		488842		3133		5.16997		2527
190		341724		764		341724		342488		764		1		0
191		218708		752		218708		219460		752		1		0
192		432620		54		432699		432753		133		2.46296		79
193		198491		88		198491		198579		88		1		0
194		53690		713		54503		55216		1526		2.14025		813
195		452625		544		452727		453271		646		1.1875		102
196		225052		29		225052		225081		29		1		0
197		17486		9		17717		17726		240		26.6667		231
198		270468		736		271333		272069		1601		2.17527		865
199		20954		115		21358		21473		519		4.51304		404
200		298325		533		299134		299667		1342		2.51782		809
201		53449		126		53484		53610		161		1.27778		35
202		481781		64		481879		481943		162		2.53125		98
203		130335		789		130335		131124		789		1		0
204		280594		368		280690		281058		464		1.26087		96
205		302283		46		302425		302471		188		4.08696		142
206		177596		271		177732		178003		407		1.50185		136
207		95875		192		96165		96357		482		2.51042		290
208		167030		170		167100		167270		240		1.41176		70
209		184081		768		185223		185991		1910		2.48698		1142
210		375262		721		375968		376689		1427		1.9792		706
211		444300		259		444643		444902		602		2.32432		343
212		126666		667		127666		128333		1667		2.49925		1000
213		145401		188		145506		145694		293		1.55851		105
214		144653		688		144665		145353		700		1.01744		12
215		256419		309		256420		256729		310		1.00324		1
216		365233		579		366871		367450		2217		3.82902		1638
217		320194		270		320405		320675		481		1.78148		211
218		360257		615		360512		361127		870		1.41463		255
219		317334		130		318089		318219		885		6.80769		755
220		82926		404		82926		83330		404		1		0
221		295873		418		296277		296695		822		1.96651		404
222		156960		76		157013		157089		129		1.69737		53
223		403444		102		403547		403649		205		2.0098		103
224		202468		791		202953		203744		1276		1.61315		485
225		44710		678		45048		45726		1016		1.49853		338
226		256935		483		256935		257418		483		1		0
227		210748		212		211077		211289		541		2.55189		329
228		467150		754		468344		469098		1948		2.58355		1194
229		313440		150		313504		313654		214		1.42667		64
230		55209		604		55672		56276		1067		1.76656		463
231		71134		261		71489		71750		616		2.36015		355
232		396081		443		396697		397140		1059		2.39052		616
233		283809		481		283809		284290		481		1		0
234		374561		691		374561		375252		691		1		0
235		429894		344		430566		430910		1016		2.95349		672
236		237112		241		237276		237517		405		1.6805		164
237		267067		520		267588		268108		1041		2.00192		521
238		150220		473		150468		150941		721		1.52431		248
239		218062		464		218062		218526		464		1		0
240		290740		241		290740		290981		241		1		0
241		463122		725		466992		467717		4595		6.33793		3870
242		268135		28		268656		268684		549		19.6071		521
243		463980		271		464014		464285		305		1.12546		34
244		46372		438		47039		47477		1105		2.52283		667
245		379793		174		380159		380333		540		3.10345		366
246		379985		782		380333		381115		1130		1.44501		348
247		38376		80		38685		38765		389		4.8625		309
248		374959		67		375252		375319		360		5.37313		293
249		65108		138		65475		65613		505		3.65942		367
250		456032		273		456032		456305		273		1		0
251		239712		603		239834		240437		725		1.20232		122
252		237122		345		237517		237862		740		2.14493		395
253		87216		380		87216		87596		380		1		0
254		193642		143		194123		194266		624		4.36364		481
255		272735		31		273042		273073		338		10.9032		307
256		100754		735		100754		101489		735		1		0
257		64761		658		64761		65419		658		1		0
258		426080		443		426264		426707		627		1.41535		184
259		136879		295		136879		137174		295		1		0
260		338867		453		338951		339404		537		1.18543		84
261		90385		673		90385		91058		673		1		0
262		303		453		595		1048		745		1.64459		292
263		11270		314		11632		11946		676		2.15287		362
264		2		63		2		65		63		1		0
265		141135		379		141135		141514		379		1		0
266		87733		35		88165		88200		467		13.3429		432
267		165530		400		165969		166369		839		2.0975		439
268		403979		56		404421		404477		498		8.89286		442
269		228549		747		228549		229296		747		1		0
270		74376		374		75127		75501		1125		3.00802		751
271		114708		485		116142		116627		1919		3.9567		1434
272		253494		732		255413		256145		2651		3.62158		1919
273		76725		622		77257		77879		1154		1.85531		532
274		240915		375		241287		241662		747		1.992		372
275		168378		5		168543		168548		170		34		165
276		246629		135		247052		247187		558		4.13333		423
277		314986		364		315593		315957		971		2.66758		607
278		420229		533		421746		422279		2050		3.84615		1517
279		138547		209		138924		139133		586		2.80383		377
280		418987		232		419494		419726		739		3.18534		507
281		392618		35		393214		393249		631		18.0286		596
282		193233		321		193233		193554		321		1		0
283		347927		549		347927		348476		549		1		0
284		310895		765		314354		315119		4224		5.52157		3459
285		227538		29		228093		228122		584		20.1379		555
286		110465		24		110713		110737		272		11.3333		248
287		93106		647		96736		97383		4277		6.61051		3630
288		38067		760		38765		39525		1458		1.91842		698
289		59885		232		59907		60139		254		1.09483		22
290		399788		136		399807		399943		155		1.13971		19
291		391469		264		392194		392458		989		3.74621		725
292		487026		18		487065		487083		57		3.16667		39
293		409701		57		409701		409758		57		1		0
294		65416		56		65419		65475		59		1.05357		3
295		343839		601		343839		344440		601		1		0
296		360634		756		362767		363523		2889		3.82143		2133
297		23827		458		23827		24285		458		1		0
298		294605		621		299723		300344		5739		9.24155		5118
299		183784		555		184209		184764		980		1.76577		425
300		480935		253		481626		481879		944		3.73123		691
301		23476		123		23476		23599		123		1		0
302		269920		201		270022		270223		303		1.50746		102
303		471711		135		472391		472526		815		6.03704		680
304		302766		789		329383		330172		27406		34.7351		26617
305		103323		397		103679		104076		753		1.89673		356
306		259859		155		259957		260112		253		1.63226		98
307		365323		393		366478		366871		1548		3.93893		1155
308		217600		38		217606		217644		44		1.15789		6
309		186845		177		186845		187022		177		1		0
310		355977		170		356385		356555		578		3.4		408
311		300124		285		300344		300629		505		1.77193		220
312		283493		164		283493		283657		164		1		0
313		303183		753		303785		304538		1355		1.79947		602
314		212058		499		212556		213055		997		1.998		498
315		216303		569		216303		216872		569		1		0
316		398290		194		398439		398633		343		1.76804		149
317		300745		580		300919		301499		754		1.3		174
318		372713		564		372713		373277		564		1		0
319		492551		457		493202		493659		1108		2.42451		651
320		320404		632		321992		322624		2220		3.51266		1588
321		394385		227		394612		394839		454		2		227
322		123370		264		123598		123862		492		1.86364		228
323		359853		61		359861		359922		69		1.13115		8
324		67437		172		67539		67711		274		1.59302		102
325		156692		299		157089		157388		696		2.32776		397
326		93734		567		94391		94958		1224		2.15873		657
327		172729		17		173168		173185		456		26.8235		439
328		280768		428		281058		281486		718		1.67757		290
329		471677		714		471677		472391		714		1		0
330		479233		28		479640		479668		435		15.5357		407
331		202172		781		202172		202953		781		1		0
332		444111		276		444111		444387		276		1		0
333		78438		519		78809		79328		890		1.71484		371
334		291726		26		291726		291752		26		1		0
335		25008		590		25008		25598		590		1		0
336		183215		132		183215		183347		132		1		0
337		208746		547		208746		209293		547		1		0
338		211806		539		213055		213594		1788		3.31725		1249
339		163909		152		163965		164117		208		1.36842		56
340		131649		396		131963		132359		710		1.79293		314
341		235361		154		235481		235635		274		1.77922		120
342		293769		136		293769		293905		136		1		0
343		118962		92		118962		119054		92		1		0
344		400356		139		400462		400601		245		1.76259		106
345		83717		593		83889		84482		765		1.29005		172
346		294972		390		295478		295868		896		2.29744		506
347		273464		642		273585		274227		763		1.18847		121
348		305159		685		308652		309337		4178		6.09927		3493
349		72261		704		76031		76735		4474		6.35511		3770
350		422892		439		422892		423331		439		1		0
351		241721		470		242569		243039		1318		2.80426		848
352		33015		61		33147		33208		193		3.16393		132
353		445398		420		445865		446285		887		2.1119		467
354		51771		375		51771		52146		375		1		0
355		56769		60		57124		57184		415		6.91667		355
356		462612		573		463441		464014		1402		2.44677		829
357		441508		132		441508		441640		132		1		0
358		216574		734		216872		217606		1032		1.40599		298
359		363623		23		364275		364298		675		29.3478		652
360		183814		131		183828		183959		145		1.10687		14
361		496519		141		496519		496660		141		1		0
362		265934		388		266956		267344		1410		3.63402		1022
363		234223		384		234274		234658		435		1.13281		51
364		121886		694		122349		123043		1157		1.66715		463
365		200683		85		200749		200834		151		1.77647		66
366		420105		332		420619		420951		846		2.54819		514
367		199943		5		199948		199953		10		2		5
368		425576		674		425590		426264		688		1.02077		14
369		230647		542		231132		231674		1027		1.89483		485
370		287352		548		288401		288949		1597		2.91423		1049
371		193471		569		193554		194123		652		1.14587		83
372		112251		717		114348		115065		2814		3.92469		2097
373		39049		580		39525		40105		1056		1.82069		476
374		228154		26		228154		228180		26		1		0
375		462107		274		462227		462501		394		1.43796		120
376		366365		769		369105		369874		3509		4.56307		2740
377		407107		227		407107		407334		227		1		0
378		244962		300		245343		245643		681		2.27		381
379		219745		83		220187		220270		525		6.3253		442
380		480518		1		480518		480519		1		1		0
381		444331		781		445084		445865		1534		1.96415		753
382		379185		625		379534		380159		974		1.5584		349
383		370097		275		370641		370916		819		2.97818		544
384		305967		314		306352		306666		699		2.22611		385
385		314812		297		315137		315434		622		2.09428		325
386		420864		72		420951		421023		159		2.20833		87
387		375987		284		376854		377138		1151		4.05282		867
388		159615		317		159647		159964		349		1.10095		32
389		378293		190		378760		378950		657		3.45789		467
390		334062		570		334062		334632		570		1		0
391		316089		402		316102		316504		415		1.03234		13
392		315379		780		324763		325543		10164		13.0308		9384
393		365431		350		365865		366215		784		2.24		434
394		397231		694		398633		399327		2096		3.02017		1402
395		459894		377		459894		460271		377		1		0
396		21956		151		22067		22218		262		1.7351		111
397		294726		226		295192		295418		692		3.06195		466
398		64852		694		66407		67101		2249		3.24063		1555
399		254958		24		255389		255413		455		18.9583		431
400		298271		772		303013		303785		5514		7.14249		4742
401		496843		171		496843		497014		171		1		0
402		78054		736		80148		80884		2830		3.84511		2094
403		268603		31		268684		268715		112		3.6129		81
404		320571		422		320675		321097		526		1.24645		104
405		141790		50		141790		141840		50		1		0
406		20002		586		20238		20824		822		1.40273		236
407		387765		632		387888		388520		755		1.19462		123
408		213780		182		214350		214532		752		4.13187		570
409		428427		397		429099		429496		1069		2.6927		672
410		354724		165		354724		354889		165		1		0
411		21466		322		21736		22058		592		1.83851		270
412		308898		233		309337		309570		672		2.88412		439
413		326878		193		327252		327445		567		2.93782		374
414		497367		503		497766		498269		902		1.79324		399
415		277274		237		277283		277520		246		1.03797		9
416		151607		439		152017		152456		849		1.93394		410
417		31125		518		31173		31691		566		1.09266		48
418		163299		414		164117		164531		1232		2.97585		818
419		34		530		65		595		561		1.05849		31
420		462978		672		464285		464957		1979		2.94494		1307
421		171208		577		171935		172512		1304		2.25997		727
422		132407		133		132407		132540		133		1		0
423		334713		574		335511		336085		1372		2.39024		798
424		328521		141		328985		329126		605		4.29078		464
425		489904		293		489904		490197		293		1		0
426		167813		398		168548		168946		1133		2.84673		735
427		108982		523		109023		109546		564		1.07839		41
428		343914		265		344449		344714		800		3.01887		535
429		383166		661		383166		383827		661		1		0
430		34048		482		34048		34530		482		1		0
431		136919		441		137174		137615		696		1.57823		255
432		450909		408		451532		451940		1031		2.52696		623
433		448020		45		448227		448272		252		5.6		207
434		484125		610		484125		484735		610		1		0
435		114432		407		115735		116142		1710		4.20147		1303
436		122582		256		123043		123299		717		2.80078		461
437		462787		41		463294		463335		548		13.3659		507
438		360966		591		361790		362381		1415		2.39425		824
439		133882		254		133882		134136		254		1		0
440		93345		240		93680		93920		575		2.39583		335
441		421789		139		422279		422418		629		4.52518		490
442		167860		360		168183		168543		683		1.89722		323
443		270575		372		270961		271333		758		2.03763		386
444		482983		575		482983		483558		575		1		0
445		369407		142		369874		370016		609		4.28873		467
446		330534		232		330964		331196		662		2.85345		430
447		219039		727		219460		220187		1148		1.57909		421
448		190722		644		190722		191366		644		1		0
449		412004		212		412544		412756		752		3.54717		540
450		147818		1		147973		147974		156		156		155
451		154655		37		154920		154957		302		8.16216		265
452		328429		1		328984		328985		556		556		555
453		41742		644		42491		43135		1393		2.16304		749
454		447648		148		447806		447954		306		2.06757		158
455		427938		777		428322		429099		1161		1.49421		384
456		332114		194		332114		332308		194		1		0
457		318504		128		318716		318844		340		2.65625		212
458		380498		775		381115		381890		1392		1.79613		617
459		28100		280		28100		28380		280		1		0
460		259173		634		259323		259957		784		1.23659		150
461		396865		708		399352		400462		3597		5.08051		2889
462		420185		108		420511		420619		434		4.01852		326
463		371150		257		371456		371713		563		2.19066		306
464		315667		61		315957		316018		351		5.7541		290
465		318460		756		323976		324732		6272		8.2963		5516
466		325943		638		328346		328984		3041		4.76646		2403
467		266590		316		266640		266956		366		1.15823		50
468		106910		325		107003		107328		418		1.28615		93
469		392823		685		397754		398439		5616		8.19854		4931
470		16661		159		16792		16951		290		1.8239		131
471		111904		763		117314		118077		6173		8.09043		5410
472		170489		776		174647		175423		4934		6.35825		4158
473		365102		9		365856		365865		763		84.7778		754
474		35840		141		35840		35981		141		1		0
475		447173		755		450777		451532		4359		5.77351		3604
476		307062		614		307475		308089		1027		1.67264		413
477		384720		391		384720		385111		391		1		0
478		492646		400		492802		493202		556		1.39		156
479		370859		223		370916		371139		280		1.25561		57
480		55377		667		57512		58179		2802		4.2009		2135
481		320855		520		321097		321617		762		1.46538		242
482		178787		74		179204		179278		491		6.63514		417
483		84749		246		85164		85410		661		2.68699		415
484		412130		98		412446		412544		414		4.22449		316
485		356608		774		357264		358038		1430		1.84755		656
486		298335		344		298790		299134		799		2.32267		455
487		310270		513		310934		311447		1177		2.29435		664
488		398920		25		399327		399352		432		17.28		407
489		52516		525		52516		53041		525		1		0
490		101279		713		101489		102202		923		1.29453		210
491		246125		491		247461		247952		1827		3.72098		1336
492		376432		694		377138		377832		1400		2.01729		706
493		168292		446		169266		169712		1420		3.18386		974
494		403068		280		403649		403929		861		3.075		581
495		210097		753		210324		211077		980		1.30146		227
496		244823		398		246228		246626		1803		4.53015		1405
497		388822		105		389166		389271		449		4.27619		344
498		134750		411		134750		135161		411		1		0
499		225660		325		226263		226588		928		2.85538		603
500		467497		33		467717		467750		253		7.66667		220
501		8375		669		8625		9294		919		1.37369		250
502		67132		233		67269		67502		370		1.58798		137
503		251008		598		252642		253240		2232		3.73244		1634
504		26722		453		26722		27175		453		1		0
505		433517		326		433517		433843		326		1		0
506		319567		2		319894		319896		329		164.5		327
507		52694		443		53041		53484		790		1.7833		347
508		326840		800		331196		331996		5156		6.445		4356
509		81430		539		81430		81969		539		1		0
510		292842		661		292842		293503		661		1		0
511		237409		680		237862		238542		1133		1.66618		453
512		355184		67		355484		355551		367		5.47761		300
513		477628		633		479007		479640		2012		3.17852		1379
514		116156		687		116627		117314		1158		1.68559		471
515		69518		89		69518		69607		89		1		0
516		301908		6		302218		302224		316		52.6667		310
517		365837		646		368459		369105		3268		5.05882		2622
518		429242		241		429496		429737		495		2.05394		254
519		351445		398		351445		351843		398		1		0
520		453074		765		454620		455385		2311		3.02092		1546
521		100317		163		100317		100480		163		1		0
522		464604		642		464973		465615		1011		1.57477		369
523		484993		564		487083		487647		2654		4.70567		2090
524		406702		245		406752		406997		295		1.20408		50
525		54056		24		54343		54367		311		12.9583		287
526		390655		697		391330		392027		1372		1.96844		675
527		253562		267		254007		254274		712		2.66667		445
528		434050		240		434352		434592		542		2.25833		302
529		252125		344		252298		252642		517		1.50291		173
530		467183		159		467750		467909		726		4.56604		567
531		166563		396		167270		167666		1103		2.78535		707
532		448592		293		448770		449063		471		1.60751		178
533		138132		753		139133		139886		1754		2.32935		1001
534		181949		235		182128		182363		414		1.7617		179
535		350151		330		350511		350841		690		2.09091		360
536		290891		625		290981		291606		715		1.144		90
537		424017		69		424017		424086		69		1		0
538		136184		649		136184		136833		649		1		0
539		79644		211		79937		80148		504		2.38863		293
540		491786		487		493659		494146		2360		4.846		1873
541		258782		102		258782		258884		102		1		0
542		425167		42		425548		425590		423		10.0714		381
543		128280		698		128333		129031		751		1.07593		53
544		276240		370		276913		277283		1043		2.81892		673
545		442127		758		442127		442885		758		1		0
546		251104		576		251391		251967		863		1.49826		287
547		28867		691		28867		29558		691		1		0
548		157442		497		157999		158496		1054		2.12072		557
549		77530		153		77929		78082		552		3.60784		399
550		189281		544		189281		189825		544		1		0
551		490767		34		490857		490891		124		3.64706		90
552		410854		526		410854		411380		526		1		0
553		268373		738		270223		270961		2588		3.50678		1850
554		356499		639		356555		357194		695		1.08764		56
555		106276		370		106585		106955		679		1.83514		309
556		498070		286		498269		498555		485		1.6958		199
557		230726		611		233206		233817		3091		5.05892		2480
558		426459		390		426707		427097		638		1.6359		248
559		315158		159		315434		315593		435		2.73585		276
560		272115		652		272390		273042		927		1.42178		275
561		478827		38		478969		479007		180		4.73684		142
562		382327		20		382327		382347		20		1		0
563		222915		495		222915		223410		495		1		0
564		191046		570		191366		191936		890		1.5614		320
565		411865		799		412756		413555		1690		2.11514		891
566		277183		681		277520		278201		1018		1.49486		337
567		393205		585		393772		394357		1152		1.96923		567
568		350121		390		350121		350511		390		1		0
569		251427		331		251967		252298		871		2.63142		540
570		58651		222		58748		58970		319		1.43694		97
571		54906		456		55216		55672		766		1.67982		310
572		255466		275		256145		256420		954		3.46909		679
573		29015		386		30099		30485		1470		3.80829		1084
574		177343		326		177406		177732		389		1.19325		63
575		400977		175		401314		401489		512		2.92571		337
576		134163		212		134382		134594		431		2.03302		219
577		5382		157		5382		5539		157		1		0
578		403850		492		403929		404421		571		1.16057		79
579		72612		651		72738		73389		777		1.19355		126
580		77800		50		77879		77929		129		2.58		79
581		24281		478		24285		24763		482		1.00837		4
582		403462		584		404994		405578		2116		3.62329		1532
583		59373		239		59668		59907		534		2.23431		295
584		128120		784		129031		129815		1695		2.16199		911
585		476556		753		477380		478133		1577		2.09429		824
586		201208		372		201208		201580		372		1		0
587		259845		616		260535		261151		1306		2.12013		690
588		349800		227		349818		350045		245		1.0793		18
589		171303		62		171516		171578		275		4.43548		213
590		149387		744		155694		156438		7051		9.47715		6307
591		9306		633		9979		10612		1306		2.06319		673
592		484788		351		486014		486365		1577		4.49288		1226
593		300041		290		300629		300919		878		3.02759		588
594		259339		640		261151		261791		2452		3.83125		1812
595		16240		207		16585		16792		552		2.66667		345
596		373483		340		373483		373823		340		1		0
597		208474		74		208474		208548		74		1		0
598		490711		146		490711		490857		146		1		0
599		46881		648		47477		48125		1244		1.91975		596
600		111352		432		111946		112378		1026		2.375		594
601		305602		590		306666		307256		1654		2.80339		1064
602		87604		561		87604		88165		561		1		0
603		301938		201		302224		302425		487		2.42289		286
604		387013		605		387283		387888		875		1.44628		270
605		480900		442		482270		482712		1812		4.09955		1370
606		61874		401		61874		62275		401		1		0
607		336302		607		336302		336909		607		1		0
608		21247		263		21473		21736		489		1.85932		226
609		451653		697		453271		453968		2315		3.32138		1618
610		41702		587		41904		42491		789		1.34412		202
611		134077		246		134136		134382		305		1.23984		59
612		41118		786		41118		41904		786		1		0
613		208483		153		208548		208701		218		1.42484		65
614		126751		630		127036		127666		915		1.45238		285
615		167012		517		167666		168183		1171		2.26499		654
616		311505		504		312237		312741		1236		2.45238		732
617		67015		168		67101		67269		254		1.5119		86
618		70767		263		70850		71113		346		1.31559		83
619		352866		154		352866		353020		154		1		0
620		342195		181		342599		342780		585		3.23204		404
621		10532		519		10612		11131		599		1.15414		80
622		356677		70		357194		357264		587		8.38571		517
623		467083		435		467909		468344		1261		2.89885		826
624		499530		325		499530		499855		325		1		0
625		174863		338		175423		175761		898		2.6568		560
626		419334		785		419726		420511		1177		1.49936		392
627		489122		141		489506		489647		525		3.7234		384
628		167844		454		169712		170166		2322		5.11454		1868
629		492282		358		492444		492802		520		1.45251		162
630		485673		197		485817		486014		341		1.73096		144
631		32699		448		32699		33147		448		1		0
632		164614		731		166369		167100		2486		3.40082		1755
633		228992		68		229296		229364		372		5.47059		304
634		485020		182		485318		485500		480		2.63736		298
635		209513		612		209569		210181		668		1.0915		56
636		464681		16		464957		464973		292		18.25		276
637		247636		46		247952		247998		362		7.86957		316
638		83231		559		83330		83889		658		1.1771		99
639		199283		321		199283		199604		321		1		0
640		149809		363		150105		150468		659		1.81543		296
641		156698		547		157388		157935		1237		2.26143		690
642		199438		344		199604		199948		510		1.48256		166
643		29596		221		29878		30099		503		2.27602		282
644		359777		84		359777		359861		84		1		0
645		161879		632		162293		162925		1046		1.65506		414
646		213878		651		214532		215183		1305		2.00461		654
647		175333		531		175761		176292		959		1.80603		428
648		326997		445		327445		327890		893		2.00674		448
649		146577		678		146577		147255		678		1		0
650		35240		371		35240		35611		371		1		0
651		155585		91		155603		155694		109		1.1978		18
652		92487		723		92487		93210		723		1		0
653		321280		375		321617		321992		712		1.89867		337
654		150646		519		151295		151814		1168		2.25048		649
655		274832		116		274832		274948		116		1		0
656		427413		8		427656		427664		251		31.375		243
657		385950		332		386165		386497		547		1.64759		215
658		77351		453		78356		78809		1458		3.21854		1005
659		10487		700		13433		14133		3646		5.20857		2946
660		486482		330		486735		487065		583		1.76667		253
661		298931		719		301499		302218		3287		4.57163		2568
662		399648		713		400601		401314		1666		2.33661		953
663		111556		217		111729		111946		390		1.79724		173
664		411294		599		411380		411979		685		1.14357		86
665		71368		534		72204		72738		1370		2.56554		836
666		130575		487		131476		131963		1388		2.8501		901
667		462808		106		463335		463441		633		5.9717		527
668		162879		663		162925		163588		709		1.06938		46
669		415132		90		415132		415222		90		1		0
670		337356		278		337640		337918		562		2.02158		284
671		146684		718		147255		147973		1289		1.79526		571
672		154200		771		173876		174647		20447		26.5201		19676
673		407974		188		407974		408162		188		1		0
674		480886		704		480886		481590		704		1		0
675		201384		62		201580		201642		258		4.16129		196
676		107179		521		107328		107849		670		1.28599		149
677		200432		317		200432		200749		317		1		0
678		7284		780		7290		8070		786		1.00769		6
679		266177		341		266299		266640		463		1.35777		122
680		102825		179		102866		103045		220		1.22905		41
681		381465		298		381958		382256		791		2.65436		493
682		97203		601		97383		97984		781		1.2995		180
683		472814		626		472847		473473		659		1.05272		33
684		161066		435		161299		161734		668		1.53563		233
685		122664		299		123299		123598		934		3.12375		635
686		126967		24		127012		127036		69		2.875		45
687		279545		549		279545		280094		549		1		0
688		318335		368		318348		318716		381		1.03533		13
689		29071		320		29558		29878		807		2.52188		487
690		105980		374		106211		106585		605		1.61765		231
691		299293		56		299667		299723		430		7.67857		374
692		247123		712		247998		248710		1587		2.22893		875
693		252690		78		253240		253318		628		8.05128		550
694		344417		9		344440		344449		32		3.55556		23
695		189338		21		189825		189846		508		24.1905		487
696		389117		395		389271		389666		549		1.38987		154
697		213346		756		213594		214350		1004		1.32804		248
698		447781		273		447954		448227		446		1.6337		173
699		295459		561		297755		298316		2857		5.09269		2296
700		106811		48		106955		107003		192		4		144
701		123622		524		123862		124386		764		1.45802		240
702		187471		179		187624		187803		332		1.85475		153
703		31298		768		31691		32459		1161		1.51172		393
704		90686		560		91058		91618		932		1.66429		372
705		337732		370		337918		338288		556		1.5027		186
706		307176		219		307256		307475		299		1.3653		80
707		442529		227		443031		443258		729		3.21145		502
708		153103		253		153459		153712		609		2.40711		356
709		325060		373		325543		325916		856		2.29491		483
710		246792		274		247187		247461		669		2.44161		395
711		477467		351		478133		478484		1017		2.89744		666
712		117906		262		118077		118339		433		1.65267		171
713		154934		415		155188		155603		669		1.61205		254
714		393326		440		393332		393772		446		1.01364		6
715		207238		346		207879		208225		987		2.8526		641
716		384868		138		385111		385249		381		2.76087		243
717		250268		462		250268		250730		462		1		0
718		234028		692		243926		244618		10590		15.3035		9898
719		110850		767		110850		111617		767		1		0
720		358287		268		358616		358884		597		2.22761		329
721		54085		136		54367		54503		418		3.07353		282
722		101961		664		102202		102866		905		1.36295		241
723		236115		168		236554		236722		607		3.6131		439
724		224539		217		224539		224756		217		1		0
725		285289		728		285527		286255		966		1.32692		238
726		108278		484		108539		109023		745		1.53926		261
727		139944		710		139944		140654		710		1		0
728		486275		137		486365		486502		227		1.65693		90
729		324575		31		324732		324763		188		6.06452		157
730		277975		402		278201		278603		628		1.56219		226
731		396091		614		397140		397754		1663		2.70847		1049
732		362674		796		364298		365094		2420		3.0402		1624
733		284239		312		284290		284602		363		1.16346		51
734		444277		256		444387		444643		366		1.42969		110
735		470474		242		470474		470716		242		1		0
736		376376		165		376689		376854		478		2.89697		313
737		484379		560		484735		485295		916		1.63571		356
738		53878		738		60734		61472		7594		10.29		6856
739		266106		48		266251		266299		193		4.02083		145
740		314374		18		315119		315137		763		42.3889		745
741		266100		548		268108		268656		2556		4.66423		2008
742		346856		253		346856		347109		253		1		0
743		165188		798		178406		179204		14016		17.5639		13218
744		233627		684		243039		243723		10096		14.7602		9412
745		229085		516		229730		230246		1161		2.25		645
746		37929		756		37929		38685		756		1		0
747		207150		729		207150		207879		729		1		0
748		304239		156		304538		304694		455		2.91667		299
749		46362		190		46849		47039		677		3.56316		487
750		402831		517		404477		404994		2163		4.18375		1646
751		67432		37		67502		67539		107		2.89189		70
752		57748		360		58339		58699		951		2.64167		591
753		290249		164		290249		290413		164		1		0
754		305010		427		305925		306352		1342		3.14286		915
755		406396		356		406396		406752		356		1		0
756		124102		186		124386		124572		470		2.52688		284
757		58389		49		58699		58748		359		7.32653		310
758		111245		112		111617		111729		484		4.32143		372
759		336794		731		336909		337640		846		1.15732		115
760		246045		426		246626		247052		1007		2.36385		581
761		389180		632		389666		390298		1118		1.76899		486
762		223759		775		223759		224534		775		1		0
763		217282		331		217644		217975		693		2.09366		362
764		104072		351		104076		104427		355		1.0114		4
765		309218		445		309570		310015		797		1.79101		352
766		280481		56		280634		280690		209		3.73214		153
767		318814		651		323325		323976		5162		7.92934		4511
768		444814		182		444902		445084		270		1.48352		88
769		466207		264		466332		466596		389		1.47348		125
770		181770		225		181903		182128		358		1.59111		133
771		385561		604		385561		386165		604		1		0
772		77804		274		78082		78356		552		2.0146		278
773		309536		752		310182		310934		1398		1.85904		646
774		183881		250		183959		184209		328		1.312		78
775		50274		283		50274		50557		283		1		0
776		244914		327		245901		246228		1314		4.01835		987
777		230253		255		230277		230532		279		1.09412		24
778		52137		226		52146		52372		235		1.03982		9
779		29376		688		30485		31173		1797		2.61192		1109
780		227531		562		227531		228093		562		1		0
781		212168		195		212361		212556		388		1.98974		193
782		231597		365		231674		232039		442		1.21096		77
783		378945		135		378950		379085		140		1.03704		5
784		156398		764		170513		171277		14879		19.4751		14115
785		458939		706		458939		459645		706		1		0
786		250460		121		250730		250851		391		3.2314		270
787		176745		54		177078		177132		387		7.16667		333
788		304804		265		305660		305925		1121		4.23019		856
789		17314		682		17984		18666		1352		1.9824		670
790		148964		238		149165		149403		439		1.84454		201
791		434963		741		434963		435704		741		1		0
792		39747		631		40105		40736		989		1.56735		358
793		395255		769		402778		403547		8292		10.7828		7523
794		145455		237		145694		145931		476		2.00844		239
795		280797		632		282821		283453		2656		4.20253		2024
796		279578		540		280094		280634		1056		1.95556		516
797		430055		518		431345		431863		1808		3.49035		1290
798		56651		328		57184		57512		861		2.625		533
799		236642		554		236722		237276		634		1.1444		80
800		186858		602		187022		187624		766		1.27243		164
801		83922		734		85908		86642		2720		3.70572		1986
802		72786		519		73810		74329		1543		2.97303		1024
803		265583		668		265583		266251		668		1		0
804		263301		791		263384		264175		874		1.10493		83
805		382627		50		382627		382677		50		1		0
806		399541		266		399541		399807		266		1		0
807		322495		344		322624		322968		473		1.375		129
808		31863		89		32459		32548		685		7.69663		596
809		47524		151		48125		48276		752		4.98013		601
810		158734		520		159127		159647		913		1.75577		393
811		83010		674		84482		85156		2146		3.18398		1472
812		353990		265		353990		354255		265		1		0
813		498543		266		498555		498821		278		1.04511		12
814		354770		595		354889		355484		714		1.2		119
815		156395		786		176292		177078		20683		26.3142		19897
816		447118		381		447425		447806		688		1.80577		307
817		495299		318		495383		495701		402		1.26415		84
818		17337		258		17726		17984		647		2.50775		389
819		430199		435		430910		431345		1146		2.63448		711
820		92835		639		95526		96165		3330		5.21127		2691
821		192903		28		192905		192933		30		1.07143		2
822		163122		377		163588		163965		843		2.23607		466
823		448017		551		449487		450038		2021		3.66788		1470
824		265852		586		268715		269301		3449		5.88567		2863
825		388656		694		390636		391330		2674		3.85303		1980
826		372919		139		373325		373464		545		3.92086		406
827		411954		467		411979		412446		492		1.05353		25
828		1084		62		1084		1146		62		1		0
829		170255		98		170415		170513		258		2.63265		160
830		162034		207		162086		162293		259		1.25121		52
831		430187		252		430314		430566		379		1.50397		127
832		66968		706		67711		68417		1449		2.05241		743
833		161762		239		161847		162086		324		1.35565		85
834		235424		306		235635		235941		517		1.68954		211
835		364943		762		365094		365856		913		1.19816		151
836		421140		260		421486		421746		606		2.33077		346
837		336987		599		338352		338951		1964		3.2788		1365
838		105948		263		105948		106211		263		1		0
839		295600		557		297198		297755		2155		3.86894		1598
840		313250		154		313350		313504		254		1.64935		100
841		329091		257		329126		329383		292		1.13619		35
842		155923		570		156443		157013		1090		1.91228		520
843		429430		247		429737		429984		554		2.24291		307
844		151543		560		154360		154920		3377		6.03036		2817
845		45565		487		45726		46213		648		1.3306		161
846		442689		331		443258		443589		900		2.71903		569
847		455435		553		455435		455988		553		1		0
848		433942		410		433942		434352		410		1		0
849		110315		398		110315		110713		398		1		0
850		225510		567		225510		226077		567		1		0
851		13977		411		14133		14544		567		1.37956		156
852		82161		252		82161		82413		252		1		0
853		230913		566		232039		232605		1692		2.9894		1126
854		152321		462		152456		152918		597		1.29221		135
855		92614		466		93210		93676		1062		2.27897		596
856		227122		324		227122		227446		324		1		0
857		184444		459		184764		185223		779		1.69717		320
858		179104		198		179278		179476		372		1.87879		174
859		72756		276		73534		73810		1054		3.81884		778
860		229913		600		230532		231132		1219		2.03167		619
861		176929		274		177132		177406		477		1.74088		203
862		126778		155		126857		127012		234		1.50968		79
863		214963		365		215183		215548		585		1.60274		220
864		265913		721		269301		270022		4109		5.69903		3388
865		230087		31		230246		230277		190		6.12903		159
866		349593		225		349593		349818		225		1		0
867		138075		417		138507		138924		849		2.03597		432
868		111381		555		112378		112933		1552		2.7964		997
869		152567		541		152918		153459		892		1.6488		351
870		428206		56		428266		428322		116		2.07143		60
871		261978		383		262241		262624		646		1.68668		263
872		183240		481		183347		183828		588		1.22245		107
873		71077		376		71113		71489		412		1.09574		36
874		76650		297		76735		77032		382		1.2862		85
875		225695		186		226077		226263		568		3.05376		382
876		311210		516		312741		313257		2047		3.96705		1531
877		11869		578		11946		12524		655		1.13322		77
878		51341		389		51341		51730		389		1		0
879		15061		433		15253		15686		625		1.44342		192
880		84815		8		85156		85164		349		43.625		341
881		325031		701		325916		326617		1586		2.26248		885
882		21916		9		22058		22067		151		16.7778		142
883		366162		259		366219		366478		316		1.22008		57
884		381150		51		381907		381958		808		15.8431		757
885		429705		330		429984		430314		609		1.84545		279
886		280263		557		282010		282567		2304		4.13645		1747
887		481036		36		481590		481626		590		16.3889		554
888		170810		656		172512		173168		2358		3.59451		1702
889		358551		466		358884		359350		799		1.71459		333
890		228650		613		235941		236554		7904		12.894		7291
891		103079		600		103079		103679		600		1		0
892		19576		662		19576		20238		662		1		0
893		494201		549		494834		495383		1182		2.15301		633
894		358133		70		358546		358616		483		6.9		413
895		420876		463		421023		421486		610		1.31749		147
896		287114		101		287114		287215		101		1		0
897		393708		660		395367		396027		2319		3.51364		1659
898		241717		232		242337		242569		852		3.67241		620
899		458681		223		458681		458904		223		1		0
900		311303		469		311447		311916		613		1.30704		144
901		448576		739		450038		450777		2201		2.97835		1462
902		112773		368		113216		113584		811		2.2038		443
903		71422		366		71750		72116		694		1.89617		328
904		14430		737		15686		16423		1993		2.70421		1256
905		63748		727		63748		64475		727		1		0
906		46925		682		48276		48958		2033		2.98094		1351
907		299294		781		304694		305475		6181		7.91421		5400
908		298128		454		298316		298770		642		1.4141		188
909		170122		248		170167		170415		293		1.18145		45
910		319110		614		319280		319894		784		1.27687		170
911		148265		600		148265		148865		600		1		0
912		369610		625		370016		370641		1031		1.6496		406
913		431607		374		431863		432237		630		1.68449		256
914		318195		129		318219		318348		153		1.18605		24
915		250548		689		253318		254007		3459		5.02032		2770
916		311378		700		313654		314354		2976		4.25143		2276
917		237418		725		244618		245343		7925		10.931		7200
918		145089		153		145353		145506		417		2.72549		264
919		240440		393		240894		241287		847		2.15522		454
920		271518		321		272069		272390		872		2.71651		551
921		418953		541		418953		419494		541		1		0
922		3720		396		3720		4116		396		1		0
923		417648		200		417706		417906		258		1.29		58
924		44446		602		44446		45048		602		1		0
925		7166		124		7166		7290		124		1		0
926		211474		709		211652		212361		887		1.25106		178
927		486133		233		486502		486735		602		2.58369		369
928		197405		285		197405		197690		285		1		0
929		192412		493		192412		192905		493		1		0
930		340733		402		340733		341135		402		1		0
931		161452		113		161734		161847		395		3.49558		282
932		158437		112		158496		158608		171		1.52679		59
933		92615		471		93920		94391		1776		3.7707		1305
934		240414		327		240437		240764		350		1.07034		23
935		479398		256		479668		479924		526		2.05469		270
936		153596		286		153712		153998		402		1.40559		116
937		363080		752		363523		364275		1195		1.5891		443
938		149302		69		149403		149472		170		2.46377		101
939		491869		282		492162		492444		575		2.03901		293
940		417556		150		417556		417706		150		1		0
941		73657		637		74329		74966		1309		2.05495		672
942		154468		231		154957		155188		720		3.11688		489
943		210114		143		210181		210324		210		1.46853		67
944		10235		674		12536		13210		2975		4.41395		2301
945		383826		480		383827		384307		481		1.00208		1
946		378191		569		378191		378760		569		1		0
947		19431		31		19545		19576		145		4.67742		114
948		476852		181		477199		477380		528		2.91713		347
949		372859		48		373277		373325		466		9.70833		418
950		461454		468		461759		462227		773		1.65171		305
951		245552		258		245643		245901		349		1.35271		91
952		266961		203		267385		267588		627		3.08867		424
953		305071		185		305475		305660		589		3.18378		404
954		438417		264		438644		438908		491		1.85985		227
955		126364		493		126364		126857		493		1		0
956		312328		774		317315		318089		5761		7.44315		4987
957		485003		23		485295		485318		315		13.6957		292
958		276164		749		276164		276913		749		1		0
959		335022		271		335240		335511		489		1.80443		218
960		130349		352		131124		131476		1127		3.2017		775
961		170071		1		170166		170167		96		96		95
962		313183		93		313257		313350		167		1.7957		74
963		94225		704		97984		98688		4463		6.33949		3759
964		317902		436		318844		319280		1378		3.16055		942
965		7302		685		9294		9979		2677		3.90803		1992
966		319341		509		319896		320405		1064		2.09037		555
967		443463		407		443589		443996		533		1.30958		126
968		394191		255		394357		394612		421		1.65098		166
969		35270		87		35611		35698		428		4.91954		341
970		78178		609		79328		79937		1759		2.88834		1150
971		204934		35		205257		205292		358		10.2286		323
972		361656		108		361682		361790		134		1.24074		26
973		390007		338		390298		390636		629		1.86095		291
974		401407		574		401489		402063		656		1.14286		82
975		456924		230		456924		457154		230		1		0
976		476582		109		477090		477199		617		5.66055		508
977		89353		597		89687		90284		931		1.55946		334
978		316499		166		316504		316670		171		1.03012		5
979		96152		379		96357		96736		584		1.5409		205
980		150662		354		150941		151295		633		1.78814		279
981		446461		608		446817		447425		964		1.58553		356
982		389013		756		392458		393214		4201		5.55688		3445
983		89010		677		89010		89687		677		1		0
984		171162		357		171578		171935		773		2.16527		416
985		148517		633		149472		150105		1588		2.50869		955
986		302266		542		302471		303013		747		1.37823		205
987		156200		652		159964		160616		4416		6.77301		3764
988		59740		276		60139		60415		675		2.44565		399
989		334448		608		334632		335240		792		1.30263		184
990		287589		349		287638		287987		398		1.1404		49
991		25608		173		25608		25781		173		1		0
992		418368		524		418368		418892		524		1		0
993		70288		562		70288		70850		562		1		0
994		298539		20		298770		298790		251		12.55		231
995		418324		41		418324		418365		41		1		0
996		286247		754		286255		287009		762		1.01061		8
997		451909		339		451940		452279		370		1.09145		31
998		287414		414		287987		288401		987		2.38406		573
999		7521		472		8070		8542		1021		2.16314		549
CPUTime: 499855
