0 38 54
1 132 79
2 101 97
3 102 39
4 80 79
5 47 11
6 81 96
7 76 26
8 119 35
9 93 12
10 83 70
11 5 64
12 5 55
13 111 56
14 40 12
15 67 95
16 23 81
17 27 50
18 139 77
19 104 32
20 41 22
21 119 2
22 28 75
23 8 48
24 58 1
25 121 54
26 116 92
27 47 27
28 133 24
29 136 12
30 107 26
31 56 4
32 5 31
33 6 84
34 114 45
35 18 13
36 65 8
37 81 88
38 84 45
39 144 42
40 144 93
41 35 18
42 143 63
43 87 86
44 98 77
45 52 24
46 127 6
47 36 61
48 145 33
49 28 95
50 107 62
51 68 47
52 85 73
53 116 50
54 42 20
55 63 13
56 29 89
57 100 52
58 136 25
59 103 40
60 12 85
61 139 8
62 67 42
63 75 78
64 22 63
65 73 55
66 52 80
67 53 44
68 42 39
69 59 73
70 136 87
71 74 26
72 26 19
73 142 77
74 15 13
75 148 48
76 54 78
77 121 38
78 65 74
79 137 97
80 52 40
81 20 11
82 5 8
83 145 74
84 145 98
85 85 7
86 131 83
87 50 10
88 85 60
89 71 95
90 92 1
91 30 72
92 109 97
93 72 2
94 99 77
95 117 10
96 22 53
97 9 38
98 60 78
99 127 57
